11
1,5947657/6341545
1,1
2200/2573,1
1672/2573,0
1,0
0,0
0,28128138/5568868735
16622221791/47033098292,1
8576912979993/347247301916335,1
0,1
0,30152197234693/33011168228024
5
3 0 1 2
4 3 4 0 2
5 5 6 7 2 3
3 8 9 10
4 7 8 10 6
0,5947657/6341545
0,1
373/2573,1
901/2573,0
0,0
-1704999/6899113,-1765632/6899113
-1387329393/5568868735,-279867774/1113773747
-14867691693/47033098292,9435394277/11758274573
0,247342012930477/347247301916335
8576912979993/361093234135153,254758280760091/361093234135153
0,20540674260283/33011168228024
