8
2109767628553637/18014398509481984,0
1,0
1,4668574994082839/36028797018963968
0,0
0,3109850371725513/4503599627370496
5832030477185127/9007199254740992,1
1,1
0,1
3
3 0 1 2
6 3 4 5 6 2 0
3 5 7 4
1,2109767628553637/18014398509481984
3474081884123419533734814220025496730396338821121/4655031932249268850735236292323168406573282230272,8963413011346549736074462197385209881486135699957/9310063864498537701470472584646336813146564460544
31360222024881129/36028797018963968,1
1,0
1393749255644983/4503599627370496,0
0,5832030477185127/9007199254740992
0,1
47405007342315868948979648144350740025538100807/94086337858483470475512690697903397473542471680,11328934914806413903281384845718793015156391703/47043168929241735237756345348951698736771235840
