8
281875364833318989/288230376151711744,1
1,1
1,82632959354143401585031231566693161/82831858509121807383627081903445911
203188741098180357528413123466557961950495288086064442669188398099855614042568036349/244179312989306336881747576060353097852330989994228277199247236667683890613383593984,0
1,0
236985330106007187053674400400943860870230182973320962670484749601825897715557896189/244179312989306336881747576060353097852330989994228277199247236667683890613383593984,1
0,0
0,1
3
3 0 1 2
5 3 4 2 0 5
4 6 7 5 3
39938278873646682661247010660521487852591606486789314952879148732094335636476808496477579017075186418367379774288184941/41455409789374152786610364856162558867292730710759318032430896228975951382415758121576821211416432672439652750255456256,162261269903144791764191842930208703824168801869217960115007635458546651107762394421947601676583621671052647294361951/161935194489742784322696737719384995575362229338903586064183188394437310087561555162409457857095440126717393555685376
135397933287847619363822401748785108248752416678139878641725712337080499445514786739294352633856079009/143827345135732173562367764069755967049390780711085456701588459433371722873184199864490880089369753249,162468628377792338884340094537706250450000077169539920229889074207640402677751099826619030447726894125335947889664351/161935194489742784322696737719384995575362229338903586064183188394437310087561555162409457857095440126717393555685376
11216923868434297471544400724841846525317478894245525653885102579742853373450799801472831863179346430331830201852361826406082507775902199/11913486302025596033242089961654540993411137102228684048663411524684437217821450287246848414366102458875125704461978225136554308888014839,4496577615460347559823494284401625230526316676838604441037519128564381744565497274969287971649404841421734384518454090090588183087562454261967590467587/4471131039207165221726419264994991373601313944261484583507392376367494338594590543141493785124044068780231871566372995283954424506124936576386583232512
203188741098180357528413123466557961950495288086064442669188398099855614042568036349/244179312989306336881747576060353097852330989994228277199247236667683890613383593984,0
8036056415373744179503266355881888939784677072536429063141641356810985954725676784064862998702812332051355976830821290109444442499612169/11983930412203734726251467269881536127082160553948416384622174709406483558763307052738444562349732456557165616557951187291613631338926089,615215217170190204925868145085903139941231001798741112799785381703153821016312140943048439533197025221680444582945496605579561915403736505584519645175/13492706134708673560788222501494614513434068119513908390905196758512212496941081689146724617342454022868242812783054405810743243353224182239378890817536
236985330106007187053674400400943860870230182973320962670484749601825897715557896189/244179312989306336881747576060353097852330989994228277199247236667683890613383593984,1
0,0
0,1
