18
1,1/8
1,1/4
0,1/4
0,1/8
1,3/8
1,1/2
0,1/2
0,3/8
1,5/8
1,3/4
0,3/4
0,5/8
1,7/8
1,1
0,1
0,7/8
0,0
1,0
8
4 0 1 2 3
4 4 5 6 7
4 8 9 10 11
4 12 13 14 15
4 10 15 12 9
4 6 11 8 5
4 2 7 4 1
4 16 3 0 17
-9999999999999999998,1/8
-9999999999999999998,0
-9999999999999999999,0
-9999999999999999999,1/8
-9999999999999999998,1/8
-9999999999999999998,0
-9999999999999999999,0
-9999999999999999999,1/8
-9999999999999999998,1/8
-9999999999999999998,0
-9999999999999999999,0
-9999999999999999999,1/8
-9999999999999999998,1/8
-9999999999999999998,0
-9999999999999999999,0
-9999999999999999999,1/8
-9999999999999999999,0
-9999999999999999998,0
