28
1,1/16
1,1/8
0,1/8
0,1/16
1,3/16
1,1/4
0,1/4
0,3/16
1,5/16
1,3/8
0,3/8
0,5/16
1,7/16
1,1/2
0,1/2
0,7/16
1,9/16
1,5/8
0,5/8
0,9/16
1,11/16
1,3/4
0,3/4
0,11/16
0,1
1,1
0,0
1,0
13
4 0 1 2 3
4 4 5 6 7
4 8 9 10 11
4 12 13 14 15
4 16 17 18 19
4 20 21 22 23
4 22 24 25 21
4 18 23 20 17
4 14 19 16 13
4 10 15 12 9
4 6 11 8 5
4 2 7 4 1
4 26 3 0 27
-888888880,1/16
-888888880,0
-888888881,0
-888888881,1/16
-888888880,1/16
-888888880,0
-888888881,0
-888888881,1/16
-888888880,1/16
-888888880,0
-888888881,0
-888888881,1/16
-888888880,1/16
-888888880,0
-888888881,0
-888888881,1/16
-888888880,1/16
-888888880,0
-888888881,0
-888888881,1/16
-888888880,1/16
-888888880,0
-888888881,0
-888888881,1/16
-888888881,1/4
-888888880,1/4
-888888881,0
-888888880,0
