121
1/4,1/12
5/24,1/8
1/4,1/6
1/6,1/12
1/2,1/6
5/12,1/12
1/2,1/12
2/3,1/6
3/4,1/6
3/4,1/4
1,1/4
1,1/6
11/12,1/6
5/6,1/6
1,1/2
2/3,1/12
3/4,1/12
1,1/12
2/3,1/4
2/3,1/3
1,2/3
7/12,1/4
7/12,1/6
13/24,5/24
5/8,1/8
7/12,1/12
5/12,1/6
7/12,5/12
1/2,1/3
1/2,5/12
13/24,11/24
1,11/12
1,5/6
5/12,1/3
11/24,3/8
7/12,1/3
1/2,1/4
11/24,7/24
5/12,1/4
1/3,1/6
1/3,1/12
7/24,1/8
7/24,5/24
1/3,1/4
3/8,7/24
1/12,1/12
1/12,1/6
0,1/6
1/12,1/3
1/12,5/12
0,1/3
0,5/12
0,7/12
0,2/3
1/12,7/12
1/12,2/3
0,11/12
0,1
1/12,1
1/12,5/6
1/12,3/4
1/24,13/24
1/12,1/2
0,1/2
1/24,7/24
0,1/4
1/12,1/4
1/6,1/6
1/4,5/12
1/6,1/3
1/6,5/12
1/4,7/12
1/4,2/3
1/3,2/3
5/12,1
1/4,1
1/4,5/6
1/4,3/4
2/3,1
1/6,7/12
1/6,2/3
1/6,11/12
1/6,1
1/3,7/12
5/12,7/12
5/6,1
1/3,1/2
1/4,1/2
7/24,11/24
5/24,13/24
1/6,1/2
1/8,13/24
1/4,1/3
5/12,5/12
1/2,1/2
1,1
5/12,1/2
1/3,5/12
3/8,3/8
1/3,1/3
1/4,1/4
1/6,1/4
5/24,5/24
1/8,7/24
0,1/12
5/24,1/24
1/4,0
1/2,0
2/3,0
3/4,0
1,0
11/12,0
5/6,0
5/8,1/24
7/12,0
5/12,0
1/3,0
7/24,1/24
0,0
1/12,0
1/6,0
185
3 0 1 2
3 1 3 0
3 4 5 6
3 7 8 9
3 10 11 12
5 13 12 10 14 9
3 9 13 8
3 7 15 16
3 16 7 8
3 17 11 12
4 13 12 17 16
3 8 16 13
3 9 7 18
4 19 20 14 9
3 18 9 19
3 21 7 22
3 22 21 23
3 7 15 24
3 22 24 7
3 7 18 21
3 21 19 18
3 4 25 22
3 23 22 4
3 25 15 24
3 22 24 25
3 25 6 4
3 4 5 26
3 27 28 29
4 30 31 32 27
3 29 27 30
3 28 33 34
3 29 34 28
3 28 35 27
4 19 20 32 27
3 27 19 35
3 28 36 21
3 21 23 36
3 28 33 37
3 36 37 28
3 21 28 35
3 35 21 19
3 4 38 36
3 36 4 23
3 38 33 37
3 36 37 38
3 38 26 4
3 39 5 40
3 39 41 2
3 42 2 39
3 41 40 39
3 26 39 5
3 38 43 39
3 39 42 43
3 38 33 44
3 43 44 38
3 39 38 26
3 41 2 0
3 40 0 41
3 45 46 47
3 48 49 50
3 50 51 49
3 52 53 54
3 54 55 53
4 56 57 58 59
4 60 59 56 53
3 53 60 55
3 61 54 52
3 54 62 61
3 63 62 49
3 63 52 61
3 62 61 63
3 49 63 51
3 64 50 48
3 50 65 64
3 66 65 47
3 66 48 64
3 65 64 66
3 47 66 46
3 45 3 67
3 1 2 67
3 67 1 3
3 46 67 45
3 68 69 70
3 71 72 73
3 74 75 76
5 77 76 74 78 73
3 73 77 72
3 71 79 80
3 80 71 72
4 81 82 75 76
4 77 76 81 80
3 72 80 77
3 73 71 83
4 84 85 78 73
3 83 73 84
3 86 71 87
3 87 86 88
3 71 79 89
3 87 89 71
3 71 83 86
3 86 84 83
3 68 90 87
3 88 87 68
3 90 79 89
3 87 89 90
3 90 70 68
3 69 48 49
3 70 49 69
3 79 80 54
3 54 55 80
4 81 82 58 59
4 60 59 81 80
3 80 60 55
3 91 54 79
3 54 62 91
3 90 62 49
3 90 79 91
3 62 91 90
3 49 90 70
3 92 68 69
3 93 29 94
4 30 31 95 94
3 94 30 29
3 93 33 34
3 29 34 93
3 94 93 96
4 84 85 95 94
3 96 94 84
3 86 93 97
3 97 86 88
3 93 33 98
3 97 98 93
3 93 96 86
3 86 84 96
3 99 97 68
3 68 88 97
3 99 33 98
3 97 98 99
3 68 99 92
3 100 69 101
3 102 2 100
3 100 42 2
3 101 100 102
3 69 48 103
3 101 103 69
3 100 69 92
3 100 99 43
3 42 43 100
3 99 33 44
3 43 44 99
3 99 92 100
3 67 66 101
3 67 102 2
3 102 101 67
3 66 48 103
3 101 103 66
3 66 46 67
3 104 47 45
3 105 106 0
3 3 0 105
3 5 6 107
3 15 16 108
3 108 109 16
3 17 110 111
4 112 111 17 16
3 16 112 109
3 113 108 15
3 108 114 113
3 25 114 107
3 25 15 113
3 114 113 25
3 107 25 6
3 115 107 5
3 116 5 40
3 117 106 116
3 40 116 117
3 5 115 116
3 0 117 106
3 117 40 0
3 118 45 119
3 45 3 120
3 105 106 120
3 120 105 3
3 119 120 45
3 45 104 118
0,1/4
1/24,5/24
0,1/6
0,1/6
0,1/4
1/12,1/6
0,1/6
1/12,1/6
0,1/6
0,1/4
0,0
0,1/12
1/12,1/12
1/12,1/6
-1/4,0
0,1/6
0,1/4
0,0
0,1/6
1/12,1/6
-1/4,-1/6
0,1/4
0,1/6
1/24,5/24
1/24,5/24
1/12,1/6
0,1/6
0,1/4
1/12,1/6
0,1/6
1/24,5/24
-5/12,-1/4
-5/12,-1/6
0,1/6
1/24,5/24
0,1/6
0,1/6
1/24,5/24
1/12,1/6
0,1/4
0,1/6
1/24,5/24
1/24,5/24
0,1/6
1/24,5/24
1/12,1/6
0,1/6
0,1/4
0,1/6
0,1/4
1/12,1/6
0,1/6
0,1/6
0,1/4
1/12,1/6
0,1/6
0,0
-1/12,0
-1/12,1/12
1/12,1/12
1/12,1/6
1/24,5/24
0,1/6
1/12,1/6
1/24,5/24
0,1/6
1/12,1/6
0,1/4
0,1/4
1/12,1/6
0,1/6
1/12,1/6
0,1/6
0,1/4
-1/12,-1/12
-1/12,1/12
1/12,1/12
1/12,1/6
-1/3,-1/12
0,1/6
0,1/4
0,0
-1/12,0
0,1/6
1/12,1/6
-1/3,-1/4
0,1/4
0,1/6
1/24,5/24
1/24,5/24
1/12,1/6
1/24,5/24
0,1/6
1/12,1/6
0,1/4
-1/2,-1/4
0,1/6
0,1/6
1/24,5/24
1/12,1/6
0,1/4
0,1/6
1/24,5/24
1/24,5/24
0,1/6
1/24,5/24
0,1/6
0,1/4
1/12,1/6
0,1/6
0,1/12
1/12,1/12
1/12,1/6
1/24,5/24
0,1/6
0,1/6
0,1/4
1/24,5/24
0,1/4
0,1/6
0,1/4
