214
1/6,1/12
1/4,1/12
1/6,0
5/24,1/8
1/4,1/6
1/3,1/6
1/3,1/4
7/24,5/24
5/12,1/4
7/12,5/12
7/12,1/2
13/24,11/24
2/3,1/2
5/8,13/24
2/3,7/12
3/4,7/12
3/4,2/3
17/24,5/8
5/6,2/3
19/24,17/24
5/6,3/4
11/12,3/4
11/12,5/6
7/8,19/24
1,5/6
23/24,7/8
1,11/12
1/2,5/12
1/2,1/3
11/24,3/8
5/12,1/3
11/24,7/24
3/8,7/24
1/4,0
11/24,1/24
1/2,1/12
1/2,0
7/12,1/12
2/3,1/4
3/4,1/4
2/3,1/6
17/24,7/24
3/4,1/3
5/6,1/3
5/6,5/12
19/24,3/8
11/12,5/12
7/8,11/24
11/12,1/2
1,1/2
1,7/12
23/24,13/24
7/12,1/6
5/8,5/24
5/8,1/8
13/24,1/8
5/12,0
1,1/12
1,0
11/12,1/12
1,1/6
11/12,1/6
23/24,5/24
1,1/4
11/12,0
19/24,1/24
3/4,0
5/6,0
5/6,1/12
7/8,1/8
7/12,0
3/4,1/6
5/6,1/6
5/6,1/4
11/12,1/4
1,1/3
11/12,1/3
1,5/12
3/4,1/12
2/3,1/12
17/24,1/24
2/3,0
1/3,0
1/3,1/12
5/12,1/12
1/2,1/6
2/3,1/3
7/12,1/4
3/4,5/12
5/6,1/2
11/12,7/12
1,2/3
13/24,5/24
5/12,1/6
7/12,1/3
2/3,5/12
3/4,1/2
5/6,7/12
11/12,2/3
1,3/4
1/2,1/4
1/8,1/24
1/12,0
1/12,1/12
1/12,1/6
0,1/6
1/24,3/8
0,5/12
1/12,5/12
0,1/2
1/12,1/3
0,1
1/12,1
1/12,11/12
0,5/6
0,11/12
1/12,5/6
1/12,2/3
1/12,3/4
1/24,17/24
0,3/4
1/12,1/2
1/24,5/8
0,2/3
0,7/12
1/12,7/12
1/12,1/4
0,1/4
0,1/3
1/6,1/6
1/4,1/4
1/3,1/3
1/2,1/2
7/12,7/12
2/3,2/3
3/4,3/4
5/6,5/6
11/12,11/12
23/24,23/24
1,1
5/12,5/12
3/8,3/8
1/8,3/8
1/6,5/12
1/6,1/2
1/3,7/12
1/3,2/3
1/4,7/12
3/8,5/8
5/12,2/3
5/12,3/4
1/2,3/4
11/24,17/24
1/2,5/6
13/24,19/24
7/12,5/6
7/12,11/12
2/3,11/12
5/8,7/8
2/3,1
17/24,23/24
3/4,1
1/4,1/2
7/24,13/24
5/24,13/24
5/24,11/24
1/6,1
1/6,5/6
1/6,11/12
1/4,11/12
1/4,5/6
7/24,7/8
1/3,11/12
1/3,1
5/12,1
3/8,23/24
1/4,1
1/8,17/24
1/6,3/4
5/24,19/24
1/4,2/3
1/4,3/4
1/3,3/4
1/3,5/6
5/12,11/12
1/2,1
5/12,5/6
1/2,11/12
7/12,1
1/6,2/3
1/6,7/12
1/8,5/8
1/6,1/4
1/6,1/3
1/4,5/12
5/12,7/12
1/3,1/2
1/2,2/3
7/12,3/4
2/3,5/6
3/4,11/12
5/6,1
7/24,11/24
1/4,1/3
5/12,1/2
1/2,7/12
7/12,2/3
2/3,3/4
3/4,5/6
5/6,11/12
11/12,1
1/3,5/12
0,1/12
0,0
378
3 0 1 2
3 3 4 1
3 1 5 4
3 5 6 7
3 6 8 5
3 9 10 11
3 10 12 9
3 13 14 12
3 12 15 14
3 15 16 17
3 16 18 15
3 19 20 18
3 18 21 20
3 21 22 23
3 22 24 21
3 25 26 24
3 24 25 22
3 20 23 21
3 18 19 16
3 14 17 15
3 12 13 10
3 27 11 9
3 28 29 30
3 30 28 31
3 29 27 28
3 28 9 27
3 32 30 8
3 8 31 30
3 8 32 6
3 4 7 5
3 1 3 0
3 2 33 1
3 34 35 36
3 36 37 35
3 38 39 40
3 41 42 39
3 39 43 42
3 43 44 45
3 44 46 43
3 47 48 46
3 46 49 48
3 49 50 51
3 48 51 49
3 46 47 44
3 42 45 43
3 39 41 38
3 52 53 40
3 54 40 52
3 40 38 53
3 37 52 55
3 52 54 37
3 35 55 37
3 56 36 34
3 57 58 59
3 60 59 61
3 62 63 60
3 61 60 62
3 59 57 60
3 59 64 58
3 65 66 67
3 59 68 67
3 67 65 68
3 59 61 69
3 68 69 59
3 64 67 59
3 37 70 36
3 39 40 71
3 72 73 39
3 39 43 73
3 72 61 74
3 62 63 74
3 74 75 63
3 74 62 61
3 74 72 73
3 43 76 74
3 74 75 76
3 46 43 76
3 75 77 46
3 46 49 77
3 76 46 75
3 73 74 43
3 71 39 72
3 78 40 79
3 80 66 78
3 78 65 66
3 79 78 80
3 79 54 40
3 40 71 78
3 72 68 78
3 78 65 68
3 72 61 69
3 68 69 72
3 78 72 71
3 37 79 81
3 80 66 81
3 81 80 79
3 79 54 37
3 70 81 37
3 82 83 1
3 1 5 83
3 82 56 84
3 34 35 84
3 84 85 35
3 38 86 87
3 41 42 86
3 86 88 42
3 88 44 45
3 44 89 88
3 47 48 89
3 89 90 48
3 90 50 51
3 50 91 90
3 48 51 90
3 89 47 44
3 42 45 88
3 86 41 38
3 52 53 87
3 92 87 52
3 87 38 53
3 85 52 55
3 52 92 85
3 35 55 85
3 84 34 56
3 84 82 83
3 5 93 84
3 84 85 93
3 93 8 5
3 86 87 94
3 9 95 86
3 86 88 95
3 12 9 95
3 88 96 12
3 12 15 96
3 89 88 96
3 15 97 89
3 89 90 97
3 18 15 97
3 90 98 18
3 18 21 98
3 91 90 98
3 21 99 91
3 99 24 21
3 98 91 21
3 97 18 90
3 96 89 15
3 95 12 88
3 94 86 9
3 28 87 100
3 100 28 31
3 100 92 87
3 87 94 28
3 28 9 94
3 85 100 8
3 8 31 100
3 100 92 85
3 8 85 93
3 83 84 5
3 1 82 33
3 101 2 0
3 2 102 101
3 103 104 105
3 106 107 108
3 108 109 107
3 110 108 106
3 111 112 113
3 114 115 113
3 113 111 115
3 116 113 114
3 117 118 119
3 118 114 120
3 119 120 118
3 114 116 118
3 109 121 108
3 122 117 123
3 123 119 117
3 124 123 122
3 119 120 123
3 109 124 125
3 122 117 125
3 125 122 124
3 121 125 109
3 126 127 105
3 126 110 128
3 106 107 128
3 128 106 110
3 127 128 126
3 105 126 104
3 103 0 129
3 3 4 129
3 129 130 4
3 130 6 7
3 6 131 130
3 132 10 11
3 10 133 132
3 13 14 133
3 133 134 14
3 134 16 17
3 16 135 134
3 19 20 135
3 135 136 20
3 136 22 23
3 22 137 136
3 25 26 137
3 137 138 26
3 26 139 138
3 137 25 22
3 20 23 136
3 135 19 16
3 14 17 134
3 133 13 10
3 27 11 132
3 140 29 30
3 30 140 141
3 29 27 140
3 140 132 27
3 32 30 131
3 131 141 30
3 131 32 6
3 4 7 130
3 129 3 0
3 129 103 104
3 142 143 108
3 108 144 143
3 145 146 147
3 148 149 146
3 146 150 149
3 150 151 152
3 151 153 150
3 154 155 153
3 153 156 155
3 156 157 158
3 157 159 156
3 160 161 159
3 159 160 157
3 155 158 156
3 153 154 151
3 149 152 150
3 146 148 145
3 162 163 147
3 164 147 162
3 147 145 163
3 144 162 165
3 162 164 144
3 143 165 144
3 110 108 142
3 166 112 113
3 113 167 168
3 168 113 166
3 169 167 170
3 171 172 169
3 169 173 172
3 173 174 175
3 172 175 173
3 170 169 171
3 167 168 169
3 166 176 169
3 169 173 176
3 169 166 168
3 167 116 113
3 177 117 118
3 167 178 118
3 118 177 178
3 167 170 179
3 178 179 167
3 116 118 167
3 144 121 108
3 146 147 180
3 181 182 146
3 146 150 182
3 181 170 183
3 171 172 183
3 183 184 172
3 184 174 175
3 174 185 184
3 172 175 184
3 183 171 170
3 183 181 182
3 150 186 183
3 183 184 186
3 153 150 186
3 184 187 153
3 153 156 187
3 185 184 187
3 156 188 185
3 188 159 156
3 187 185 156
3 186 153 184
3 182 183 150
3 180 146 181
3 189 147 190
3 191 117 189
3 189 177 117
3 190 189 191
3 190 164 147
3 147 180 189
3 181 178 189
3 189 177 178
3 181 170 179
3 178 179 181
3 189 181 180
3 144 190 125
3 191 117 125
3 125 191 190
3 190 164 144
3 121 125 144
3 126 192 129
3 129 130 192
3 126 110 193
3 142 143 193
3 193 194 143
3 145 195 196
3 148 149 195
3 195 197 149
3 197 151 152
3 151 198 197
3 154 155 198
3 198 199 155
3 199 157 158
3 157 200 199
3 160 161 200
3 200 201 161
3 200 160 157
3 155 158 199
3 198 154 151
3 149 152 197
3 195 148 145
3 162 163 196
3 202 196 162
3 196 145 163
3 194 162 165
3 162 202 194
3 143 165 194
3 193 142 110
3 193 126 192
3 130 203 193
3 193 194 203
3 203 131 130
3 195 196 204
3 132 205 195
3 195 197 205
3 133 132 205
3 197 206 133
3 133 134 206
3 198 197 206
3 134 207 198
3 198 199 207
3 135 134 207
3 199 208 135
3 135 136 208
3 200 199 208
3 136 209 200
3 200 201 209
3 137 136 209
3 201 210 137
3 137 138 210
3 210 139 138
3 209 137 201
3 208 200 136
3 207 135 199
3 206 198 134
3 205 133 197
3 204 195 132
3 140 196 211
3 211 140 141
3 211 202 196
3 196 204 140
3 140 132 204
3 194 211 131
3 131 141 211
3 211 202 194
3 131 194 203
3 192 193 130
3 104 129 126
3 212 105 103
3 213 103 102
3 103 0 101
3 102 101 103
3 103 212 213
0,1/6
0,1/4
1/12,1/6
1/24,5/24
0,1/6
1/12,1/6
0,1/6
1/24,5/24
0,1/4
1/12,1/6
0,1/6
1/24,5/24
0,1/4
1/24,5/24
0,1/6
1/12,1/6
0,1/6
1/24,5/24
0,1/4
1/24,5/24
0,1/6
1/12,1/6
0,1/6
1/24,5/24
0,1/4
1/24,5/24
0,1/6
0,1/6
0,1/4
1/24,5/24
0,1/6
1/24,5/24
1/24,5/24
0,1/6
1/24,5/24
0,1/6
0,1/4
1/12,1/6
0,1/6
0,1/4
1/12,1/6
1/24,5/24
0,1/6
1/12,1/6
0,1/6
1/24,5/24
0,1/4
1/24,5/24
0,1/6
1/12,1/6
0,1/6
1/24,5/24
0,1/6
1/24,5/24
1/24,5/24
1/24,5/24
0,1/6
0,1/6
0,1/4
1/12,1/6
0,1/4
0,1/6
1/24,5/24
0,1/6
0,1/6
1/24,5/24
0,1/6
0,1/4
0,1/6
1/24,5/24
0,1/6
0,1/6
1/12,1/6
0,1/6
0,1/4
1/12,1/6
0,1/6
0,1/6
0,1/4
0,1/6
1/24,5/24
0,1/4
1/12,1/6
0,1/6
0,1/4
1/12,1/6
0,1/4
1/12,1/6
1/12,1/6
0,1/4
1/12,1/6
0,1/4
1/24,5/24
0,1/6
0,1/6
0,1/6
0,1/6
0,1/6
0,1/6
0,1/6
0,1/6
1/24,5/24
0,1/6
1/12,1/6
0,1/6
0,1/4
1/24,5/24
0,1/6
0,1/4
1/12,1/6
0,1/6
1/12,1/6
0,1/6
0,1/4
1/12,1/6
0,1/6
0,1/6
0,1/6
0,1/4
1/24,5/24
0,1/6
0,1/6
1/24,5/24
0,1/4
0,1/6
0,1/4
1/12,1/6
0,1/6
0,1/4
0,1/4
1/12,1/6
0,1/4
1/12,1/6
0,1/4
1/12,1/6
0,1/4
1/12,1/6
0,1/4
1/24,5/24
0,1/4
0,1/4
1/24,5/24
1/24,5/24
0,1/6
1/12,1/6
0,1/6
0,1/4
1/12,1/6
1/24,5/24
0,1/6
1/12,1/6
0,1/6
1/24,5/24
0,1/4
1/24,5/24
0,1/6
1/12,1/6
0,1/6
1/24,5/24
0,1/4
1/24,5/24
0,1/6
0,1/6
1/24,5/24
1/24,5/24
1/24,5/24
1/12,1/6
1/12,1/6
0,1/6
0,1/4
0,1/6
1/24,5/24
0,1/6
1/12,1/6
0,1/6
1/24,5/24
0,1/6
1/24,5/24
0,1/6
1/24,5/24
0,1/6
1/12,1/6
0,1/6
0,1/4
1/12,1/6
0,1/4
0,1/6
0,1/6
0,1/6
0,1/4
0,1/6
1/24,5/24
0,1/6
0,1/4
1/12,1/6
0,1/4
1/12,1/6
1/12,1/6
0,1/4
1/12,1/6
0,1/4
1/12,1/6
1/24,5/24
0,1/6
0,1/6
0,1/6
0,1/6
0,1/6
0,1/6
0,1/6
0,1/6
0,1/6
0,1/6
0,1/4
