214
5/24,1/8
1/4,1/6
1/4,1/12
1/6,1/12
2/3,1/4
3/4,1/4
2/3,1/6
17/24,7/24
3/4,1/3
5/6,1/3
5/6,5/12
19/24,3/8
11/12,5/12
7/8,11/24
11/12,1/2
1,1/2
1,7/12
23/24,13/24
7/12,1/6
5/8,5/24
5/8,1/8
13/24,1/8
7/12,1/12
1/2,1/12
1,1/6
11/12,1/12
11/12,1/6
23/24,5/24
1,1/4
1,1/12
7/8,1/8
5/6,1/12
3/4,1/6
5/6,1/6
5/6,1/4
11/12,1/4
1,1/3
11/12,1/3
1,5/12
2/3,1/12
3/4,1/12
1/3,1/6
1/3,1/4
7/24,5/24
1/3,1/12
1/2,1/6
5/12,1/12
2/3,1/3
7/12,1/4
3/4,5/12
5/6,1/2
11/12,7/12
1,2/3
13/24,5/24
5/12,1/6
5/12,1/4
3/8,7/24
5/12,1/3
7/12,1/3
7/12,5/12
2/3,5/12
7/12,1/2
2/3,1/2
5/8,13/24
2/3,7/12
3/4,7/12
3/4,2/3
17/24,5/8
5/6,2/3
19/24,17/24
5/6,3/4
11/12,3/4
11/12,5/6
7/8,19/24
1,5/6
23/24,7/8
1,11/12
3/4,1/2
5/6,7/12
11/12,2/3
1,3/4
1/2,1/3
1/2,1/4
11/24,7/24
11/24,3/8
1/2,5/12
13/24,11/24
1/12,1/12
1/12,1/6
0,1/6
1/24,3/8
0,5/12
1/12,5/12
0,1/2
1/12,1/3
0,1
1/12,1
1/12,11/12
0,5/6
0,11/12
1/12,5/6
1/12,2/3
1/12,3/4
1/24,17/24
0,3/4
1/12,1/2
1/24,5/8
0,2/3
0,7/12
1/12,7/12
1/12,1/4
0,1/4
0,1/3
1/6,1/6
1/8,3/8
1/6,5/12
1/6,1/2
1/3,7/12
1/3,2/3
1/4,7/12
3/8,5/8
5/12,2/3
5/12,3/4
1/2,3/4
11/24,17/24
1/2,5/6
13/24,19/24
7/12,5/6
7/12,11/12
2/3,11/12
5/8,7/8
2/3,1
17/24,23/24
3/4,1
1/4,1/2
7/24,13/24
5/24,13/24
5/24,11/24
1/6,1
1/6,5/6
1/6,11/12
1/4,11/12
1/4,5/6
7/24,7/8
1/3,11/12
1/3,1
5/12,1
3/8,23/24
1/4,1
1/8,17/24
1/6,3/4
5/24,19/24
1/4,2/3
1/4,3/4
1/3,3/4
1/3,5/6
5/12,11/12
1/2,1
5/12,5/6
1/2,11/12
7/12,1
1/6,2/3
1/6,7/12
1/8,5/8
1/6,1/4
1/4,1/4
1/6,1/3
1/4,5/12
5/12,7/12
1/3,1/2
1/2,2/3
7/12,3/4
2/3,5/6
3/4,11/12
5/6,1
7/24,11/24
1/4,1/3
1/3,1/3
5/12,1/2
1/2,1/2
1/2,7/12
7/12,7/12
2/3,2/3
3/4,3/4
5/6,5/6
11/12,11/12
23/24,23/24
1,1
7/12,2/3
2/3,3/4
3/4,5/6
5/6,11/12
11/12,1
5/12,5/12
1/3,5/12
3/8,3/8
0,1/12
5/24,1/24
1/4,0
5/8,1/24
2/3,0
7/12,0
13/24,1/24
11/12,0
1,0
7/8,1/24
3/4,0
5/6,0
1/3,0
1/2,0
5/12,0
0,0
1/12,0
1/6,0
378
3 0 1 2
3 3 2 0
3 4 5 6
3 7 8 5
3 5 9 8
3 9 10 11
3 10 12 9
3 13 14 12
3 12 15 14
3 15 16 17
3 14 17 15
3 12 13 10
3 8 11 9
3 5 7 4
3 18 19 6
3 20 6 18
3 6 4 19
3 21 22 18
3 18 20 22
3 22 23 21
3 24 25 26
3 27 28 24
3 26 24 27
3 25 29 24
3 26 30 25
3 25 31 30
3 5 6 32
3 33 34 5
3 5 9 34
3 33 26 35
3 27 28 35
3 35 36 28
3 35 27 26
3 35 33 34
3 9 37 35
3 35 36 37
3 12 9 37
3 36 38 12
3 12 15 38
3 37 12 36
3 34 35 9
3 32 5 33
3 39 40 6
3 6 39 20
3 6 32 40
3 33 31 40
3 33 26 30
3 31 30 33
3 40 33 32
3 20 22 39
3 2 41 1
3 41 42 43
3 1 43 41
3 41 44 2
3 45 23 46
3 4 47 48
3 7 8 47
3 47 49 8
3 49 10 11
3 10 50 49
3 13 14 50
3 50 51 14
3 51 16 17
3 16 52 51
3 14 17 51
3 50 13 10
3 8 11 49
3 47 7 4
3 18 19 48
3 53 48 18
3 48 4 19
3 45 18 21
3 18 53 45
3 23 21 45
3 41 54 46
3 46 45 54
3 41 42 55
3 56 57 55
3 55 56 42
3 54 55 41
3 47 48 58
3 59 60 47
3 47 49 60
3 59 61 62
3 63 64 62
3 62 65 64
3 65 66 67
3 66 68 65
3 69 70 68
3 68 71 70
3 71 72 73
3 72 74 71
3 75 76 74
3 74 75 72
3 70 73 71
3 68 69 66
3 64 67 65
3 62 63 61
3 62 59 60
3 49 77 62
3 62 65 77
3 50 49 77
3 65 78 50
3 50 51 78
3 68 65 78
3 51 79 68
3 68 71 79
3 52 51 79
3 71 80 52
3 80 74 71
3 79 52 71
3 78 68 51
3 77 50 65
3 60 62 49
3 58 47 59
3 81 48 82
3 83 57 81
3 81 84 57
3 82 81 83
3 82 53 48
3 48 58 81
3 59 85 81
3 81 84 85
3 59 61 86
3 85 86 59
3 81 59 58
3 55 45 82
3 55 83 57
3 83 82 55
3 82 53 45
3 45 54 55
3 44 46 41
3 87 88 89
3 90 91 92
3 92 93 91
3 94 92 90
3 95 96 97
3 98 99 97
3 97 95 99
3 100 97 98
3 101 102 103
3 102 98 104
3 103 104 102
3 98 100 102
3 93 105 92
3 106 101 107
3 107 103 101
3 108 107 106
3 103 104 107
3 93 108 109
3 106 101 109
3 109 106 108
3 105 109 93
3 110 111 89
3 110 94 112
3 90 91 112
3 112 90 94
3 111 112 110
3 89 110 88
3 113 87 3
3 113 0 1
3 0 3 113
3 87 88 113
3 114 115 92
3 92 116 115
3 117 118 119
3 120 121 118
3 118 122 121
3 122 123 124
3 123 125 122
3 126 127 125
3 125 128 127
3 128 129 130
3 129 131 128
3 132 133 131
3 131 132 129
3 127 130 128
3 125 126 123
3 121 124 122
3 118 120 117
3 134 135 119
3 136 119 134
3 119 117 135
3 116 134 137
3 134 136 116
3 115 137 116
3 94 92 114
3 138 96 97
3 97 139 140
3 140 97 138
3 141 139 142
3 143 144 141
3 141 145 144
3 145 146 147
3 144 147 145
3 142 141 143
3 139 140 141
3 138 148 141
3 141 145 148
3 141 138 140
3 139 100 97
3 149 101 102
3 139 150 102
3 102 149 150
3 139 142 151
3 150 151 139
3 100 102 139
3 116 105 92
3 118 119 152
3 153 154 118
3 118 122 154
3 153 142 155
3 143 144 155
3 155 156 144
3 156 146 147
3 146 157 156
3 144 147 156
3 155 143 142
3 155 153 154
3 122 158 155
3 155 156 158
3 125 122 158
3 156 159 125
3 125 128 159
3 157 156 159
3 128 160 157
3 160 131 128
3 159 157 128
3 158 125 156
3 154 155 122
3 152 118 153
3 161 119 162
3 163 101 161
3 161 149 101
3 162 161 163
3 162 136 119
3 119 152 161
3 153 150 161
3 161 149 150
3 153 142 151
3 150 151 153
3 161 153 152
3 116 162 109
3 163 101 109
3 109 163 162
3 162 136 116
3 105 109 116
3 110 164 113
3 165 1 113
3 165 42 43
3 1 43 165
3 113 165 164
3 110 94 166
3 114 115 166
3 166 167 115
3 117 168 169
3 120 121 168
3 168 170 121
3 170 123 124
3 123 171 170
3 126 127 171
3 171 172 127
3 172 129 130
3 129 173 172
3 132 133 173
3 173 174 133
3 173 132 129
3 127 130 172
3 171 126 123
3 121 124 170
3 168 120 117
3 134 135 169
3 175 169 134
3 169 117 135
3 167 134 137
3 134 175 167
3 115 137 167
3 166 114 94
3 166 110 164
3 165 176 166
3 166 167 176
3 165 42 177
3 56 57 177
3 177 56 42
3 176 177 165
3 168 169 178
3 179 180 168
3 168 170 180
3 179 61 181
3 63 64 181
3 181 182 64
3 182 66 67
3 66 183 182
3 69 70 183
3 183 184 70
3 184 72 73
3 72 185 184
3 75 76 185
3 185 186 76
3 76 187 186
3 185 75 72
3 70 73 184
3 183 69 66
3 64 67 182
3 181 63 61
3 181 179 180
3 170 188 181
3 181 182 188
3 171 170 188
3 182 189 171
3 171 172 189
3 183 182 189
3 172 190 183
3 183 184 190
3 173 172 190
3 184 191 173
3 173 174 191
3 185 184 191
3 174 192 185
3 185 186 192
3 192 187 186
3 191 185 174
3 190 173 184
3 189 183 172
3 188 171 182
3 180 181 170
3 178 168 179
3 193 169 194
3 195 57 193
3 193 84 57
3 194 193 195
3 194 175 169
3 169 178 193
3 179 85 193
3 193 84 85
3 179 61 86
3 85 86 179
3 193 179 178
3 177 167 194
3 177 195 57
3 195 194 177
3 194 175 167
3 167 176 177
3 164 166 165
3 88 113 110
3 196 89 87
3 197 198 2
3 3 2 197
3 199 200 201
3 202 22 201
3 201 199 22
3 22 23 202
3 203 204 25
3 25 29 204
3 205 25 203
3 25 31 205
3 39 40 200
3 200 39 199
3 200 206 40
3 207 31 40
3 207 203 205
3 31 205 207
3 40 207 206
3 199 22 39
3 2 208 198
3 208 44 2
3 209 23 46
3 209 201 202
3 23 202 209
3 208 210 46
3 46 209 210
3 44 46 208
3 211 87 212
3 87 3 213
3 197 198 213
3 213 197 3
3 212 213 87
3 87 196 211
1/24,5/24
0,1/6
0,1/4
0,1/6
0,1/6
0,1/4
1/12,1/6
1/24,5/24
0,1/6
1/12,1/6
0,1/6
1/24,5/24
0,1/4
1/24,5/24
0,1/6
1/12,1/6
0,1/6
1/24,5/24
0,1/6
1/24,5/24
1/24,5/24
1/24,5/24
1/12,1/6
0,1/6
0,1/4
1/12,1/6
0,1/6
1/24,5/24
0,1/6
0,1/6
1/24,5/24
0,1/6
0,1/6
1/12,1/6
0,1/6
0,1/4
1/12,1/6
0,1/6
0,1/6
0,1/6
0,1/4
1/12,1/6
0,1/6
1/24,5/24
0,1/6
1/12,1/6
0,1/4
0,1/4
1/12,1/6
1/12,1/6
0,1/4
1/12,1/6
0,1/4
1/24,5/24
0,1/6
0,1/4
1/24,5/24
0,1/6
0,1/6
1/12,1/6
0,1/6
0,1/6
0,1/4
1/24,5/24
0,1/6
1/12,1/6
0,1/6
1/24,5/24
0,1/4
1/24,5/24
0,1/6
1/12,1/6
0,1/6
1/24,5/24
0,1/4
1/24,5/24
0,1/6
0,1/6
0,1/6
0,1/6
0,1/6
0,1/4
0,1/6
1/24,5/24
1/24,5/24
0,1/6
1/24,5/24
1/12,1/6
0,1/6
0,1/4
1/24,5/24
0,1/6
0,1/4
1/12,1/6
0,1/6
1/12,1/6
0,1/6
0,1/4
1/12,1/6
0,1/6
0,1/6
0,1/6
0,1/4
1/24,5/24
0,1/6
0,1/6
1/24,5/24
0,1/4
0,1/6
0,1/4
1/12,1/6
0,1/6
0,1/4
0,1/4
1/24,5/24
0,1/6
1/12,1/6
0,1/6
0,1/4
1/12,1/6
1/24,5/24
0,1/6
1/12,1/6
0,1/6
1/24,5/24
0,1/4
1/24,5/24
0,1/6
1/12,1/6
0,1/6
1/24,5/24
0,1/4
1/24,5/24
0,1/6
0,1/6
1/24,5/24
1/24,5/24
1/24,5/24
1/12,1/6
1/12,1/6
0,1/6
0,1/4
0,1/6
1/24,5/24
0,1/6
1/12,1/6
0,1/6
1/24,5/24
0,1/6
1/24,5/24
0,1/6
1/24,5/24
0,1/6
1/12,1/6
0,1/6
0,1/4
1/12,1/6
0,1/4
0,1/6
0,1/6
0,1/6
0,1/4
0,1/6
1/24,5/24
0,1/6
1/12,1/6
0,1/4
1/12,1/6
0,1/4
1/12,1/6
1/12,1/6
0,1/4
1/12,1/6
0,1/4
1/12,1/6
1/24,5/24
0,1/6
0,1/4
0,1/6
1/12,1/6
0,1/6
0,1/4
1/12,1/6
0,1/4
1/12,1/6
0,1/4
1/24,5/24
0,1/4
0,1/6
0,1/6
0,1/6
0,1/6
0,1/6
0,1/4
0,1/6
1/24,5/24
0,1/6
1/24,5/24
0,1/6
1/24,5/24
1/12,1/6
0,1/6
1/24,5/24
0,1/6
0,1/4
1/24,5/24
0,1/6
1/12,1/6
1/12,1/6
1/12,1/6
0,1/6
0,1/4
0,1/6
0,1/4
