216
5/24,1/8
1/4,1/6
1/4,1/12
1/6,1/12
13/24,1/8
7/12,1/12
7/12,1/6
2/3,1/6
5/6,1/3
5/6,5/12
19/24,3/8
11/12,5/12
7/8,11/24
11/12,1/2
1,1/2
1,7/12
23/24,13/24
3/4,1/3
3/4,1/4
17/24,7/24
2/3,1/4
17/24,5/24
5/8,5/24
1/2,1/12
1,1/6
11/12,1/12
11/12,1/6
23/24,5/24
1,1/4
5/6,1/12
7/8,1/8
1,1/12
11/12,1/4
5/6,1/6
1,1/3
19/24,1/8
3/4,1/12
2/3,1/12
5/6,1/4
11/12,1/3
1,5/12
3/4,1/6
1/3,1/6
1/3,1/4
7/24,5/24
1/3,1/12
1/2,1/6
5/12,1/12
7/12,1/4
3/4,5/12
5/6,1/2
11/12,7/12
1,2/3
2/3,1/3
5/8,7/24
5/12,1/6
5/12,1/4
3/8,7/24
5/12,1/3
1/2,1/3
7/12,1/2
2/3,1/2
7/12,5/12
5/8,13/24
2/3,7/12
3/4,7/12
3/4,2/3
17/24,5/8
5/6,2/3
19/24,17/24
5/6,3/4
11/12,3/4
11/12,5/6
7/8,19/24
1,5/6
23/24,7/8
1,11/12
1/2,5/12
13/24,11/24
13/24,3/8
11/24,3/8
1/2,1/4
2/3,5/12
3/4,1/2
5/6,7/12
11/12,2/3
1,3/4
7/12,1/3
1/12,1/12
1/12,1/6
0,1/6
1/24,3/8
0,5/12
1/12,5/12
0,1/2
1/12,1/3
1/24,19/24
0,5/6
0,3/4
1/24,17/24
1/12,3/4
1/12,2/3
1/12,5/6
1/12,11/12
0,11/12
0,1
1/12,1
1/12,1/2
0,2/3
1/12,7/12
0,7/12
1/12,1/4
0,1/4
0,1/3
1/6,1/6
1/8,3/8
1/6,5/12
1/6,1/2
1/4,1/2
5/24,11/24
1/4,7/12
5/12,3/4
1/2,3/4
11/24,17/24
1/2,5/6
13/24,19/24
7/12,5/6
7/12,11/12
2/3,11/12
5/8,7/8
2/3,1
17/24,23/24
3/4,1
5/12,2/3
1/3,2/3
3/8,5/8
1/3,7/12
7/24,5/8
7/24,13/24
1/4,5/6
1/4,11/12
1/6,5/6
7/24,7/8
1/3,11/12
1/3,1
5/12,1
3/8,23/24
1/6,3/4
5/24,19/24
1/8,19/24
1/8,17/24
1/6,11/12
1/6,1
1/4,1
1/6,2/3
1/3,5/6
1/4,3/4
5/12,11/12
1/2,1
5/24,17/24
1/6,7/12
1/3,3/4
5/12,5/6
1/2,11/12
7/12,1
1/4,2/3
1/6,1/4
1/4,1/4
1/6,1/3
1/4,5/12
1/3,1/2
1/2,2/3
7/12,3/4
2/3,5/6
3/4,11/12
5/6,1
5/12,7/12
3/8,13/24
1/4,1/3
1/3,1/3
5/12,5/12
7/12,7/12
1/2,1/2
2/3,2/3
3/4,3/4
5/6,5/6
11/12,11/12
23/24,23/24
1,1
11/24,11/24
1/3,5/12
1/2,7/12
7/12,2/3
2/3,3/4
3/4,5/6
5/6,11/12
11/12,1
5/12,1/2
0,1/12
5/24,1/24
1/4,0
13/24,1/24
7/12,0
2/3,0
11/12,0
1,0
7/8,1/24
5/6,0
19/24,1/24
3/4,0
1/3,0
1/2,0
5/12,0
0,0
1/12,0
1/6,0
382
3 0 1 2
3 3 2 0
3 4 5 6
3 6 7 5
3 8 9 10
3 9 11 8
3 12 13 11
3 11 14 13
3 14 15 16
3 13 16 14
3 11 12 9
3 17 10 8
3 18 19 20
3 20 18 21
3 19 17 18
3 18 8 17
3 22 20 7
3 7 21 20
3 7 22 6
3 5 23 4
3 24 25 26
3 27 28 24
3 26 24 27
3 25 29 30
3 26 30 25
3 25 31 24
3 26 32 33
3 27 28 32
3 32 34 28
3 32 27 26
3 29 30 33
3 33 29 35
3 33 26 30
3 35 36 29
3 7 5 37
3 32 33 38
3 8 39 32
3 32 34 39
3 11 8 39
3 34 40 11
3 11 14 40
3 39 11 34
3 38 32 8
3 18 33 41
3 41 18 21
3 41 35 33
3 33 38 18
3 18 8 38
3 7 36 41
3 21 41 7
3 41 35 36
3 36 37 7
3 2 42 1
3 42 43 44
3 1 44 42
3 42 45 2
3 46 23 47
3 46 6 4
3 6 48 46
3 49 9 10
3 9 50 49
3 12 13 50
3 50 51 13
3 51 15 16
3 15 52 51
3 13 16 51
3 50 12 9
3 17 10 49
3 53 19 20
3 20 53 54
3 19 17 53
3 53 49 17
3 22 20 48
3 48 54 20
3 48 22 6
3 23 4 46
3 42 55 47
3 47 46 55
3 42 43 56
3 57 58 56
3 56 59 58
3 60 61 62
3 63 64 61
3 61 65 64
3 65 66 67
3 66 68 65
3 69 70 68
3 68 71 70
3 71 72 73
3 72 74 71
3 75 76 74
3 74 75 72
3 70 73 71
3 68 69 66
3 64 67 65
3 61 63 60
3 77 78 62
3 79 62 77
3 62 60 78
3 59 77 80
3 77 79 59
3 58 80 59
3 56 57 43
3 56 42 55
3 46 81 56
3 56 59 81
3 81 48 46
3 61 62 82
3 49 83 61
3 61 65 83
3 50 49 83
3 65 84 50
3 50 51 84
3 68 65 84
3 51 85 68
3 68 71 85
3 52 51 85
3 71 86 52
3 86 74 71
3 85 52 71
3 84 68 51
3 83 50 65
3 82 61 49
3 53 62 87
3 87 53 54
3 87 79 62
3 62 82 53
3 53 49 82
3 59 87 48
3 48 54 87
3 87 79 59
3 48 59 81
3 55 56 46
3 45 47 42
3 88 89 90
3 91 92 93
3 93 94 92
3 95 93 91
3 96 97 98
3 99 100 98
3 98 96 100
3 100 101 99
3 102 103 97
3 97 102 96
3 97 104 103
3 105 106 103
3 103 105 104
3 96 100 102
3 94 107 93
3 108 101 109
3 108 98 99
3 101 99 108
3 94 110 109
3 109 108 110
3 107 109 94
3 111 112 90
3 111 95 113
3 91 92 113
3 113 91 95
3 112 113 111
3 90 111 89
3 114 88 3
3 114 0 1
3 0 3 114
3 88 89 114
3 115 116 93
3 93 117 116
3 117 118 119
3 118 120 117
3 121 122 123
3 122 124 121
3 125 126 124
3 124 127 126
3 127 128 129
3 128 130 127
3 131 132 130
3 130 131 128
3 126 129 127
3 124 125 122
3 133 123 121
3 134 135 136
3 136 134 137
3 135 133 134
3 134 121 133
3 138 136 120
3 120 137 136
3 120 138 118
3 116 119 117
3 95 93 115
3 139 140 141
3 142 143 140
3 140 144 143
3 144 145 146
3 143 146 144
3 140 142 139
3 147 148 141
3 149 141 147
3 141 139 148
3 150 100 147
3 147 149 100
3 100 101 150
3 140 141 151
3 152 153 140
3 140 144 153
3 151 140 152
3 102 103 141
3 141 102 149
3 141 151 103
3 152 106 103
3 103 152 151
3 149 100 102
3 117 107 93
3 154 101 109
3 139 155 156
3 142 143 155
3 155 157 143
3 157 145 146
3 145 158 157
3 143 146 157
3 155 142 139
3 147 148 156
3 159 156 147
3 156 139 148
3 154 147 150
3 147 159 154
3 101 150 154
3 117 160 109
3 109 154 160
3 160 120 117
3 155 156 161
3 121 162 155
3 155 157 162
3 124 121 162
3 157 163 124
3 124 127 163
3 158 157 163
3 127 164 158
3 164 130 127
3 163 158 127
3 162 124 157
3 161 155 121
3 134 156 165
3 165 134 137
3 165 159 156
3 156 161 134
3 134 121 161
3 154 165 120
3 120 137 165
3 165 159 154
3 120 154 160
3 107 109 117
3 111 166 114
3 167 1 114
3 167 43 44
3 1 44 167
3 114 167 166
3 111 95 168
3 115 116 168
3 168 169 116
3 169 118 119
3 118 170 169
3 171 122 123
3 122 172 171
3 125 126 172
3 172 173 126
3 173 128 129
3 128 174 173
3 131 132 174
3 174 175 132
3 174 131 128
3 126 129 173
3 172 125 122
3 133 123 171
3 176 135 136
3 136 176 177
3 135 133 176
3 176 171 133
3 138 136 170
3 170 177 136
3 170 138 118
3 116 119 169
3 168 115 95
3 168 111 166
3 167 178 168
3 168 169 178
3 167 43 179
3 57 58 179
3 179 180 58
3 60 181 182
3 63 64 181
3 181 183 64
3 183 66 67
3 66 184 183
3 69 70 184
3 184 185 70
3 185 72 73
3 72 186 185
3 75 76 186
3 186 187 76
3 76 188 187
3 186 75 72
3 70 73 185
3 184 69 66
3 64 67 183
3 181 63 60
3 77 78 182
3 189 182 77
3 182 60 78
3 180 77 80
3 77 189 180
3 58 80 180
3 179 57 43
3 179 167 178
3 169 190 179
3 179 180 190
3 190 170 169
3 181 182 191
3 171 192 181
3 181 183 192
3 172 171 192
3 183 193 172
3 172 173 193
3 184 183 193
3 173 194 184
3 184 185 194
3 174 173 194
3 185 195 174
3 174 175 195
3 186 185 195
3 175 196 186
3 186 187 196
3 196 188 187
3 195 186 175
3 194 174 185
3 193 184 173
3 192 172 183
3 191 181 171
3 176 182 197
3 197 176 177
3 197 189 182
3 182 191 176
3 176 171 191
3 180 197 170
3 170 177 197
3 197 189 180
3 170 180 190
3 178 179 169
3 166 168 167
3 89 114 111
3 198 90 88
3 199 200 2
3 3 2 199
3 201 5 202
3 202 203 5
3 5 23 201
3 204 205 25
3 206 25 29
3 25 204 206
3 25 31 205
3 29 206 207
3 207 29 208
3 207 204 206
3 208 36 29
3 5 37 203
3 208 207 209
3 36 209 203
3 209 208 36
3 203 36 37
3 2 210 200
3 210 45 2
3 211 23 47
3 211 202 201
3 23 201 211
3 210 212 47
3 47 211 212
3 45 47 210
3 213 88 214
3 88 3 215
3 199 200 215
3 215 199 3
3 214 215 88
3 88 198 213
1/24,5/24
0,1/6
0,1/4
0,1/6
1/24,5/24
1/12,1/6
0,1/6
0,1/4
1/12,1/6
0,1/6
1/24,5/24
0,1/4
1/24,5/24
0,1/6
1/12,1/6
0,1/6
1/24,5/24
0,1/6
0,1/4
1/24,5/24
0,1/6
1/24,5/24
1/24,5/24
0,1/6
0,1/4
1/12,1/6
0,1/6
1/24,5/24
0,1/6
0,1/6
1/24,5/24
0,1/6
0,1/4
1/12,1/6
1/12,1/6
1/24,5/24
1/12,1/6
0,1/6
0,1/6
0,1/6
0,1/6
0,1/6
1/12,1/6
0,1/6
1/24,5/24
0,1/6
1/12,1/6
0,1/4
0,1/4
1/12,1/6
0,1/4
1/12,1/6
0,1/4
0,1/4
1/24,5/24
0,1/6
0,1/4
1/24,5/24
0,1/6
1/12,1/6
0,1/6
0,1/4
1/12,1/6
1/24,5/24
0,1/6
1/12,1/6
0,1/6
1/24,5/24
0,1/4
1/24,5/24
0,1/6
1/12,1/6
0,1/6
1/24,5/24
0,1/4
1/24,5/24
0,1/6
0,1/6
1/24,5/24
1/24,5/24
1/24,5/24
0,1/6
0,1/6
0,1/6
0,1/6
0,1/6
0,1/6
0,1/6
1/12,1/6
0,1/6
0,1/4
1/24,5/24
0,1/6
0,1/4
1/12,1/6
0,1/6
1/24,5/24
1/12,1/6
0,1/6
1/24,5/24
1/12,1/6
0,1/6
0,1/6
0,1/4
0,1/6
1/12,1/6
0,1/6
0,1/6
1/12,1/6
0,1/4
0,1/6
1/12,1/6
0,1/6
0,1/4
0,1/4
1/24,5/24
0,1/6
1/12,1/6
0,1/6
1/24,5/24
0,1/4
1/12,1/6
0,1/6
1/24,5/24
0,1/4
1/24,5/24
0,1/6
1/12,1/6
0,1/6
1/24,5/24
0,1/4
1/24,5/24
0,1/6
0,1/6
0,1/4
1/24,5/24
0,1/6
1/24,5/24
1/24,5/24
0,1/6
0,1/4
1/12,1/6
1/24,5/24
0,1/6
1/12,1/6
0,1/6
1/24,5/24
0,1/6
1/24,5/24
1/24,5/24
1/24,5/24
0,1/6
1/12,1/6
0,1/6
1/12,1/6
0,1/4
1/12,1/6
1/12,1/6
0,1/4
1/24,5/24
0,1/6
0,1/6
0,1/6
0,1/6
0,1/6
0,1/6
0,1/6
1/12,1/6
0,1/4
1/12,1/6
0,1/4
1/12,1/6
0,1/4
1/12,1/6
0,1/4
1/12,1/6
0,1/4
1/24,5/24
0,1/6
0,1/4
1/12,1/6
0,1/4
1/12,1/6
1/12,1/6
0,1/4
1/12,1/6
0,1/4
1/24,5/24
0,1/4
1/24,5/24
0,1/6
0,1/6
0,1/6
0,1/6
0,1/6
0,1/6
0,1/6
0,1/6
0,1/6
1/24,5/24
0,1/6
1/24,5/24
0,1/6
0,1/4
0,1/6
0,1/4
1/24,5/24
1/12,1/6
1/24,5/24
0,1/6
1/12,1/6
1/12,1/6
0,1/6
0,1/4
0,1/6
0,1/4
