25
0,1/2
1/2,1/2
1/4,1/4
1/2,1/4
3/4,1/4
1,1/4
1,1/2
0,3/4
1/4,3/4
1/4,1/2
1/2,3/4
3/4,1/2
3/4,3/4
0,1
1/4,1
1/2,1
1,3/4
1,1
3/4,1
0,1/4
0,0
1/4,0
1/2,0
1,0
3/4,0
20
3 0 1 2
3 2 3 1
4 4 5 6 1
3 1 4 3
4 0 7 8 9
4 9 1 10 8
3 11 6 12
4 10 12 11 1
4 7 13 14 8
4 8 10 15 14
3 15 12 10
3 16 6 12
4 12 16 17 18
3 12 18 15
3 2 0 19
3 2 20 21
4 21 2 3 22
4 4 5 23 24
4 22 24 4 3
3 20 19 2
1,1
3/2,1
5/4,3/4
5/4,1
5/4,3/4
1,3/4
1,1
1,5/4
5/4,5/4
5/4,1
1,5/4
5/4,1
5/4,5/4
1,3/2
5/4,3/2
1,3/2
5/4,1
1,1
1,5/4
5/4,1
1,1
5/4,1
1,1
1,1
5/4,1
