23
1/2,1/4
1/4,1/2
1/4,1/4
3/4,1/2
0,1/4
0,1/2
1/2,3/4
0,3/4
0,1
1/4,1
3/4,1
3/4,3/4
1,1
1,3/4
1/4,3/4
3/4,1/4
1,1/4
1,1/2
1/4,0
0,0
1/2,0
3/4,0
1,0
26
3 0 1 2
3 1 3 0
3 1 4 2
3 4 5 1
4 6 7 8 9
3 10 9 6
3 6 10 11
4 10 12 13 11
3 1 14 6
3 3 6 1
3 1 7 14
3 7 5 1
3 6 11 3
3 11 13 3
3 0 15 3
3 15 16 3
3 3 17 16
3 17 13 3
3 18 4 19
3 2 0 18
3 4 2 18
3 18 20 0
3 0 21 20
3 21 15 0
3 16 22 21
3 21 16 15
3/2,1
5/4,3/4
5/4,1
5/4,5/4
1,1
5/4,1
1,1/2
1,1
5/4,1
5/4,3/4
3/4,3/4
1,3/4
3/4,1
1,1
5/4,1
5/4,1
1,1
5/4,1
5/4,3/4
5/4,1
5/4,1
5/4,3/4
5/4,1
