23
1/4,0
1/2,0
1/4,1/4
1/4,1/2
1/2,1/4
1/2,1/2
1/2,3/4
1/4,3/4
1/4,1
1/2,1
3/4,1/2
1,1/4
1,3/4
3/4,3/4
3/4,1
1,1
3/4,0
1,0
0,0
0,1/4
0,1/2
0,3/4
0,1
23
3 0 1 2
4 3 2 4 5
3 6 5 3
3 7 3 6
3 6 7 8
3 9 8 6
4 4 5 10 11
3 10 6 5
4 11 12 13 10
3 10 6 13
4 14 15 12 13
3 13 14 6
3 6 9 14
3 2 4 1
4 1 16 11 4
3 11 17 16
3 18 2 0
4 19 20 3 2
3 3 21 20
3 21 7 3
3 7 8 21
3 21 22 8
3 2 19 18
1/4,0
0,0
1/4,1/4
0,1/4
1/4,0
0,0
1/4,0
0,0
0,1/4
0,0
0,1/4
1/4,1/2
1/4,0
0,0
0,1/4
1/4,1/4
0,1/4
1/4,1/4
0,0
1/4,0
0,0
1/4,0
0,0
