41
3/4,3/8
1/2,1/8
3/4,1/8
7/8,1/8
7/8,1/2
1/2,3/8
1/2,1/2
1,1/8
1,3/8
1,1/2
1/4,3/8
3/8,1/2
1/4,1/8
0,1/8
3/4,7/8
7/8,1
7/8,7/8
3/4,5/8
5/8,3/4
1/2,5/8
1,7/8
1,1
1,5/8
3/4,0
5/8,0
7/8,0
1/2,0
1,0
3/8,0
1/4,0
0,0
1/4,7/8
0,5/8
0,7/8
3/8,1
0,1
1/4,5/8
3/8,5/8
0,3/8
3/4,1
1/2,7/8
40
3 0 1 2
4 3 2 0 4
3 0 1 5
4 4 6 5 0
4 7 8 4 3
3 4 9 8
3 5 10 1
4 10 11 6 5
3 1 12 10
3 10 13 12
3 14 15 16
3 17 18 14
4 4 16 14 17
3 17 18 19
4 6 19 17 4
4 16 20 21 15
4 20 22 4 16
3 4 9 22
3 19 11 6
4 1 2 23 24
4 23 25 3 2
3 26 24 1
4 3 7 27 25
3 1 26 28
4 29 28 1 12
4 30 13 12 29
3 31 32 33
4 34 35 33 31
3 36 31 32
4 31 34 37 36
3 32 36 10
4 10 11 37 36
3 10 32 38
3 13 38 10
3 14 15 39
3 40 18 14
4 34 39 14 40
3 40 18 19
4 37 19 40 34
3 19 11 37
0,1/4
1/4,0
0,0
1/8,0
1/8,3/8
0,0
1/8,0
0,0
0,1/4
1/8,1/4
0,1/4
1/8,1/8
0,0
1/4,0
0,0
1/8,1/8
1/8,0
0,1/4
1/8,1/8
0,0
0,0
0,1/8
0,1/4
0,1/8
1/8,1/8
1/8,1/8
1/8,0
0,1/8
1/8,1/8
0,1/8
1/4,1/8
0,1/4
1/4,0
0,0
1/8,3/8
1/8,0
0,0
1/8,0
0,0
1/8,0
0,1/4
