40
3/4,3/8
1/2,1/8
3/4,1/8
7/8,1/8
7/8,1/4
1/2,3/8
1/2,5/8
1,1/8
1/4,3/8
1,5/8
1,3/8
1,1/4
3/4,5/8
1,7/8
3/4,7/8
7/8,1
1,1
1/4,1/8
0,1/8
3/4,0
5/8,0
7/8,0
1/2,0
3/8,0
1,0
1/4,0
0,0
0,5/8
0,7/8
1/4,7/8
1/8,1
0,1
1/4,5/8
3/8,1
1/4,1
1/2,1
1/2,7/8
5/8,1
3/4,1
0,3/8
42
3 0 1 2
4 3 2 0 4
3 1 5 0
3 0 6 5
3 7 4 3
3 5 8 1
3 8 6 5
3 9 10 0
4 0 4 11 10
3 0 9 12
3 6 12 0
3 11 7 4
3 9 13 14
4 14 15 16 13
3 12 14 9
3 14 6 12
3 1 17 8
3 8 18 17
4 1 2 19 20
4 19 21 3 2
3 22 20 1
3 3 7 21
3 1 22 23
3 21 24 7
4 25 23 1 17
4 26 18 17 25
3 27 28 29
4 29 30 31 28
3 32 29 27
3 29 6 32
3 27 32 8
3 8 6 32
3 33 34 29
3 29 30 34
4 29 33 35 36
3 6 36 29
3 37 38 14
3 14 15 38
4 36 14 37 35
3 14 6 36
3 8 27 39
3 18 39 8
0,1/4
1/4,0
0,0
1/8,0
1/8,1/8
0,0
1/4,0
0,0
0,1/4
1/4,0
0,0
1/8,0
0,0
0,0
0,1/4
1/8,1/8
1/8,0
0,0
1/4,0
0,1/8
1/8,1/8
1/8,1/8
1/8,0
1/8,1/8
1/8,0
0,1/8
1/4,1/8
1/4,0
0,0
0,1/4
1/8,1/8
1/8,0
0,0
1/8,1/8
0,1/8
1/8,0
0,0
1/8,1/8
0,1/8
0,0
