41
3/4,1/8
3/4,3/8
1/2,1/8
7/8,1/2
7/8,1/8
3/4,0
5/8,0
7/8,0
1/2,0
1,1/2
1,3/8
1,1/8
1,5/8
1,0
3/8,0
1/2,3/8
1/2,1/2
1/4,3/8
3/8,1/2
1/4,1/8
0,1/8
7/8,7/8
3/4,7/8
7/8,1
1,7/8
1,1
3/4,5/8
5/8,3/4
1/2,5/8
1/4,0
0,0
1/4,7/8
0,5/8
0,7/8
3/8,1
0,1
1/4,5/8
3/8,5/8
0,3/8
3/4,1
1/2,7/8
40
3 0 1 2
4 1 3 4 0
4 2 0 5 6
4 5 7 4 0
3 8 6 2
3 3 9 10
4 4 11 10 3
3 9 12 3
4 11 13 7 4
3 2 8 14
3 15 1 2
4 1 3 16 15
3 2 15 17
4 17 18 16 15
3 19 17 2
3 17 20 19
3 21 22 23
4 24 25 23 21
3 26 27 22
4 3 21 22 26
3 26 27 28
4 16 28 26 3
4 21 24 12 3
3 28 18 16
4 29 14 2 19
4 30 20 19 29
3 31 32 33
4 34 35 33 31
3 36 31 32
4 31 34 37 36
3 32 36 17
4 17 18 37 36
3 17 32 38
3 20 38 17
3 22 23 39
3 40 27 22
4 34 39 22 40
3 40 27 28
4 37 28 40 34
3 28 18 37
0,0
0,1/4
1/4,0
1/8,3/8
1/8,0
0,1/8
1/8,1/8
1/8,1/8
1/8,0
1/8,1/4
0,1/4
0,0
0,1/4
0,1/8
1/8,1/8
0,0
1/8,0
0,1/4
1/8,1/8
0,0
1/4,0
1/8,0
0,0
1/8,1/8
0,0
0,1/8
0,1/4
1/8,1/8
0,0
0,1/8
1/4,1/8
0,1/4
1/4,0
0,0
1/8,3/8
1/8,0
0,0
1/8,0
0,0
1/8,0
0,1/4
