10
2004055820767725149558155592556273437755488685154278065738073411145390164609235329500857955581846565498932066451378947756112078692895/10971665226767812293075650242008727424636718549222941044874123395200169493145104144353014307126359982040531385661530991934199739352342,0
1,0
1,15195536892030859163489656003739899975123081247319265253362505149458766048482048126245488745720847453447955120452875770020813754384355279944457918625571555104780915654339654075223452630018542446759051/20219691111920048139252709918000864697002407779569333609701226073123884454436101101736431892346659821083368885065825695059999147018044047571596377766074395563962882293265122647283807243063973343020310
16146779751137221719398573674278976789870474519815309634272121614833490189343616957298589035355111884907157986316461537118451043747688442110007431722120214213208733898461090442488088878196658916526235/18591392217508095368670632834759504507694929547088550287145588643898334426748553322824106475447310865191651070334834227346320298935162938353403153287378781853014898928618233153485483550976303085805086,1
1,1
1,17775078645549174489980650757520336979177952752296092956827759044059040217031164736210914452254460840798875801047453004832129891830569551328200656200815827924156717263107979936286412570284329173741459/20219691111920048139252709918000864697002407779569333609701226073123884454436101101736431892346659821083368885065825695059999147018044047571596377766074395563962882293265122647283807243063973343020310
1,8945303714000370993933580229421596668196121692177242823414115843782782976639299346245767215842473594128710649427707154149968620862991/10971665226767812293075650242008727424636718549222941044874123395200169493145104144353014307126359982040531385661530991934199739352342
0,1
0,8945303714000370993933580229421596668196121692177242823414115843782782976639299346245767215842473594128710649427707154149968620862991/10971665226767812293075650242008727424636718549222941044874123395200169493145104144353014307126359982040531385661530991934199739352342
0,0
4
3 0 1 2
3 3 4 5
5 6 5 3 7 8
5 9 8 6 2 0
2004055820767725149558155592556273437755488685154278065738073411145390164609235329500857955581846565498932066451378947756112078692895/10971665226767812293075650242008727424636718549222941044874123395200169493145104144353014307126359982040531385661530991934199739352342,2026361512767441299142070012587130756440596857045698221460007551417386516505804798107247091283886387911820736233823837784231118489351/10971665226767812293075650242008727424636718549222941044874123395200169493145104144353014307126359982040531385661530991934199739352342
8634213526389860210382784862680211236221464141879990872989965896260520707218066498117670047117370885357524823675526677813619604776208666139093442517133715438790925802265985590862329169083552591204925229764785153604304183166873653017277348141990517041301513144085311/34382919896515256252379350965590566176267511695098566927328293133323004291648571835671998317567281004196027031966703283914149558139000874354823108958132363135770493472340206474592933478484415122544673763450526711063574162178820092556057492245330423810158078590114894,17177031928204063012231477272569119842253965327620222132674412449389182603492875735710993039885012113418791695146842947988648582172521190156735148144526550335708189489102654253980208309645487919324247474372418824694499478805974176952981598628890253805949745346971631/17191459948257628126189675482795283088133755847549283463664146566661502145824285917835999158783640502098013515983351641957074779069500437177411554479066181567885246736170103237296466739242207561272336881725263355531787081089410046278028746122665211905079039295057447
1,1725346138795517465493383179613606537718272304656364496622325605243/1842900844494382152590336977250212903747235002017237930792965218305
16146779751137221719398573674278976789870474519815309634272121614833490189343616957298589035355111884907157986316461537118451043747688442110007431722120214213208733898461090442488088878196658916526235/18591392217508095368670632834759504507694929547088550287145588643898334426748553322824106475447310865191651070334834227346320298935162938353403153287378781853014898928618233153485483550976303085805086,8945303714000370993933580229421596668196121692177242823414115843782782976639299346245767215842473594128710649427707154149968620862991/10971665226767812293075650242008727424636718549222941044874123395200169493145104144353014307126359982040531385661530991934199739352342
30240545129991354240400385216336389325079478467232908465569053857007795270780153539528812379475285702872762501184915130038799925313171587133708305284929774856955759824596726806540288504689099068149697089674619246448595097215768817675142495325759792906440396950111911/34382919896515256252379350965590566176267511695098566927328293133323004291648571835671998317567281004196027031966703283914149558139000874354823108958132363135770493472340206474592933478484415122544673763450526711063574162178820092556057492245330423810158078590114894,16268951094856358565719577833232531294489988466663586506276722336340676867705197182194554614994858833677308586409922268888062170772388070444677265338404040035048544802141187426934529401959398138036968921075260964683342376020782180368107885226493317782871380740183871/17191459948257628126189675482795283088133755847549283463664146566661502145824285917835999158783640502098013515983351641957074779069500437177411554479066181567885246736170103237296466739242207561272336881725263355531787081089410046278028746122665211905079039295057447
1,1725346138795517465493383179613606537718272304656364496622325605243/1842900844494382152590336977250212903747235002017237930792965218305
1,1
0,8945303714000370993933580229421596668196121692177242823414115843782782976639299346245767215842473594128710649427707154149968620862991/10971665226767812293075650242008727424636718549222941044874123395200169493145104144353014307126359982040531385661530991934199739352342
0,1
0,2026361512767441299142070012587130756440596857045698221460007551417386516505804798107247091283886387911820736233823837784231118489351/10971665226767812293075650242008727424636718549222941044874123395200169493145104144353014307126359982040531385661530991934199739352342
