29
1/2,1/8
1/2,1/4
1,1/4
1,1/8
0,1/4
0,1/8
1,5/8
7/8,5/8
7/8,1/4
7/8,1
1,1
3/4,5/8
1/2,5/8
3/4,1/4
1/2,1
3/4,1
1/8,1/4
0,5/8
1/8,5/8
1/8,1
0,1
1/4,1/4
1/4,5/8
1/4,1
1,0
7/8,0
1/2,0
0,0
1/8,0
18
4 0 1 2 3
4 1 4 5 0
4 2 6 7 8
4 7 9 10 6
4 11 12 1 13
4 8 13 11 7
4 11 12 14 15
4 7 9 15 11
4 16 4 17 18
4 18 19 20 17
4 12 1 21 22
4 14 23 22 12
4 18 16 21 22
4 22 18 19 23
3 3 24 25
4 26 25 3 0
3 5 27 28
4 28 5 0 26
-1/2,-1/8
-1/2,0
0,0
0,-1/8
0,0
0,-1/8
0,3/8
1/8,3/8
1/8,0
1/8,0
0,0
0,3/8
1/4,3/8
0,0
1/4,0
0,0
1/8,0
0,3/8
1/8,3/8
1/8,0
0,0
0,0
0,3/8
0,0
0,0
1/8,0
1/8,3/8
0,0
1/8,0
