40
1/8,0
0,0
0,3/8
1/8,3/8
1/8,3/4
0,7/8
1/8,7/8
1/8,1
0,1
3/8,1/8
3/8,1/4
1/4,1/8
1/2,1/8
1,1/8
1,3/8
1/2,3/8
1/4,0
3/8,0
1,0
1/4,3/8
3/8,3/8
1/8,1/8
1/8,1/4
3/8,7/8
3/8,1
1/4,7/8
1/2,7/8
1,7/8
1,1
1/4,3/4
3/8,3/4
1,3/4
3/8,1/2
1/4,5/8
3/8,5/8
1/2,5/8
1,5/8
1/8,5/8
1/8,1/2
1/4,1
43
4 0 1 2 3
4 3 4 5 2
3 6 7 5
3 5 8 7
3 5 6 4
3 9 10 11
5 12 13 14 15 10
3 10 12 9
3 16 17 11
3 11 9 17
4 12 13 18 17
3 17 12 9
3 0 11 16
4 11 19 20 10
3 10 15 20
3 11 21 22
4 19 3 22 11
3 21 0 11
3 23 24 25
4 26 27 28 24
3 24 26 23
3 29 30 25
3 25 23 30
4 26 27 31 30
3 30 26 23
3 4 25 29
3 32 33 34
5 15 32 35 36 14
3 35 34 32
3 33 29 30
3 34 30 33
4 35 36 31 30
3 30 35 34
3 29 4 33
4 33 19 20 32
3 32 15 20
3 33 37 38
4 19 3 38 33
3 37 4 33
3 25 39 24
3 25 6 7
3 39 7 25
3 6 4 25
1/8,-10
0,-10
0,-77/8
1/8,-77/8
1/8,-10
0,-81/8
0,-10
1/8,-10
0,-10
0,-10
1/8,-10
0,-81/8
0,-81/8
-1/2,-81/8
-1/2,-79/8
0,-79/8
0,-10
1/8,-10
-1/2,-10
0,-79/8
1/8,-79/8
0,-10
1/8,-10
0,-10
1/8,-10
0,-81/8
0,-81/8
-1/2,-81/8
-1/2,-10
0,-10
1/8,-10
-1/2,-10
1/8,-10
0,-81/8
0,-10
0,-81/8
-1/2,-81/8
0,-10
1/8,-10
0,-10
