40
3/4,1
5/8,1
5/8,7/8
5/8,1/2
3/4,1/2
5/8,1/8
3/4,1/8
1,1
7/8,1
7/8,7/8
7/8,1/2
1,1/2
7/8,1/8
1,1/8
1/2,1
1/2,1/2
1/2,1/8
3/4,0
5/8,0
1,0
7/8,0
1/2,0
1/4,1
3/8,1
3/8,7/8
3/8,1/2
1/4,1/2
3/8,1/8
1/4,1/8
0,1
1/8,1
1/8,7/8
1/8,1/2
0,1/2
1/8,1/8
0,1/8
3/8,0
1/4,0
0,0
1/8,0
32
3 0 1 2
4 3 2 0 4
4 5 6 4 3
3 7 8 9
4 10 9 7 11
4 12 13 11 10
3 0 8 9
4 4 10 9 0
4 10 12 6 4
3 14 1 2
4 15 3 2 14
4 3 5 16 15
4 5 6 17 18
4 12 13 19 20
4 17 20 12 6
4 16 21 18 5
3 22 23 24
4 25 24 22 26
4 27 28 26 25
3 29 30 31
4 32 31 29 33
4 34 35 33 32
3 22 30 31
4 26 32 31 22
4 32 34 28 26
3 14 23 24
4 25 24 14 15
4 16 15 25 27
4 36 27 28 37
4 34 35 38 39
4 37 39 34 28
4 27 16 21 36
0,9/8
0,1
-1/8,1
-1/8,5/8
0,5/8
-1/8,1
0,1
0,9/8
0,1
-1/8,1
-1/8,5/8
0,5/8
-1/8,1
0,1
0,9/8
0,5/8
0,1
0,7/8
-1/8,7/8
0,7/8
-1/8,7/8
0,7/8
0,9/8
0,1
-1/8,1
-1/8,5/8
0,5/8
-1/8,1
0,1
0,9/8
0,1
-1/8,1
-1/8,5/8
0,5/8
-1/8,1
0,1
-1/8,7/8
0,7/8
0,7/8
-1/8,7/8
