37
5/8,1/2
5/8,1/8
1,1/2
1/2,0
1/2,1/2
1,1/8
1,0
5/8,7/8
1/2,1
1,7/8
1,1
1/2,1/8
3/8,1/8
1/2,3/8
3/8,1/2
3/8,3/8
1/2,1/4
3/8,1/4
3/8,0
1/2,7/8
3/8,7/8
3/8,5/8
1/2,5/8
1/2,3/4
3/8,3/4
3/8,1
1/4,0
1/4,1/2
1/8,1/2
1/8,1/8
1/8,0
0,0
0,1/2
1/8,7/8
1/4,1
1/8,1
0,1
32
3 0 1 2
4 1 3 4 0
3 1 2 5
4 3 6 5 1
3 7 2 0
4 4 0 7 8
3 7 2 9
4 8 10 9 7
3 11 3 12
4 13 4 14 15
3 15 13 16
3 17 16 12
3 16 15 17
3 12 11 16
3 12 18 3
3 19 8 20
4 14 21 22 4
3 22 23 21
3 23 20 24
3 21 24 23
3 20 19 23
3 20 25 8
4 26 27 28 29
3 30 29 26
4 29 31 32 28
3 31 30 29
4 33 34 27 28
3 34 35 33
4 28 33 36 32
3 36 35 33
4 14 18 26 27
4 27 14 25 34
1/8,-5/8
1/8,-1
-1/4,-5/8
0,-9/8
0,-5/8
1/8,-5/8
0,-5/8
1/8,-1
0,-9/8
1/8,-5/8
0,-5/8
0,-1
-1/8,-1
0,-1
-1/8,-9/8
-1/8,-1
0,-9/8
0,-1
0,-1
0,-1
-1/8,-1
-1/8,-1
0,-1
0,-9/8
0,-1
0,-1
0,-9/8
0,-5/8
1/8,-5/8
1/8,-1
0,-1
0,-9/8
0,-5/8
1/8,-1
0,-9/8
0,-1
0,-9/8
