29
2/5,3/5
4/5,3/5
4/5,2/5
3/5,2/5
4/5,1/5
1/5,3/5
3/5,1/5
7/10,1/10
4/5,0
4/5,4/5
3/5,4/5
4/5,1
0,4/5
0,1
3/5,1
9/10,1/10
1,0
1,1/5
1,2/5
1,3/5
1,4/5
1,1
1/5,0
2/5,0
2/5,1/5
1/5,2/5
3/5,0
0,0
0,1/5
28
4 0 1 2 3
3 3 4 2
4 3 0 5 6
3 6 3 4
3 7 4 6
3 4 8 7
4 1 9 10 0
3 10 11 9
6 0 5 12 13 14 10
3 10 11 14
3 15 16 17
3 16 8 15
4 1 2 18 19
3 18 4 2
3 4 17 18
3 17 15 4
3 4 8 15
4 20 19 1 9
3 9 20 11
3 11 21 20
4 22 23 24 25
3 24 26 23
4 25 5 6 24
3 24 26 6
3 6 7 26
3 26 8 7
4 27 28 25 22
4 25 5 12 28
1/5,2/5
1/5,0
0,0
0,1/5
1/5,0
2/5,2/5
0,0
1/10,1/10
0,0
0,0
0,1/5
1/5,0
3/5,1/5
3/5,0
0,0
1/10,1/10
1/5,0
0,0
0,1/5
1/5,1/5
0,1/5
0,0
1/5,0
0,0
0,1/5
1/5,2/5
1/5,0
0,0
0,1/5
