10
1369686607192585/1657657706524008,1
1,5173703310751829431858604943167775865/5220620449069876863432049271338593832
1,22501942028778774210168371/33403953497732167751617600
1,1
146561885609/649297965736,0
1,0
0,0
0,47504897803481022710028413/62755614608829407996096184
15250716805348385286067771/33403953497732167751617600,1
0,1
5
3 0 1 2
3 1 3 0
4 4 5 2 0
5 6 7 8 0 4
3 8 9 7
1,287971099331423/1657657706524008
4442080766581030463561938717697228265/5220620449069876863432049271338593832,18153236692383782465549829/68950019645094297951825692
1,18153236692383782465549829/33403953497732167751617600
10205202591562360675932088613178489046107/11923485396157742527537546310386951414957,42443291495259474002262753560077230508453257/156769985988681998752063658888967637203854636
0,502736080127/649297965736
48590190265945486190247813/71092132294724260400416184,80908851301213190461646013/71092132294724260400416184
0,1
47504897803481022710028413/62755614608829407996096184,1
1,18153236692383782465549829/33403953497732167751617600
59704043609691465651347496662522583200287045409/96100001411062065235015022898937161605962891868,5835635224661049506356466487511445370823691/7309096547844696169380515888267201217368641
