9
699618285287/918500880622,1
1,1
1,1077989341132548231647/1341730263325217003399
12199470760055/30310529060526,0
1,0
0,0
0,156009184278857875442/345856458058123761177
607511276093650834352/1341730263325217003399,1
0,1
4
3 0 1 2
4 3 4 2 0
5 5 6 7 0 3
3 7 8 6
1,218882595335/918500880622
7377724254995351971547/8696428865958695830307,3671094936157830845235/8696428865958695830307
1,734218987231566169047/1341730263325217003399
0,18111058300471/30310529060526
3306482160295954672072/8696428865958695830307,9204798265087811024067/8696428865958695830307
0,1
156009184278857875442/345856458058123761177,1
1,734218987231566169047/1341730263325217003399
1408833405273828409393885790619861110411/2536231094962260585827592170031122040971,1169457788603608814561691124701343091371/2536231094962260585827592170031122040971
