39
3/4,1/8
3/4,3/8
1/2,1/8
7/8,1/2
7/8,1/8
3/4,0
5/8,0
7/8,0
1/2,0
1,5/8
1,3/8
1,1/8
1,0
3/8,0
1/2,3/8
1/2,1/2
1/4,3/8
3/8,1/2
1/4,1/8
0,1/8
3/4,5/8
5/8,3/4
3/4,7/8
7/8,1
1,7/8
1,1
1/2,5/8
1/4,0
0,0
1/4,7/8
0,5/8
0,7/8
3/8,1
0,1
1/4,5/8
3/8,5/8
0,3/8
1/2,7/8
3/4,1
38
3 0 1 2
4 1 3 4 0
4 2 0 5 6
4 5 7 4 0
3 8 6 2
3 3 9 10
4 4 11 10 3
4 11 12 7 4
3 2 8 13
3 14 1 2
4 1 3 15 14
3 2 14 16
4 16 17 15 14
3 18 16 2
3 16 19 18
3 20 21 22
3 22 23 24
5 3 9 24 22 20
3 24 25 23
3 20 21 26
4 15 26 20 3
3 26 17 15
4 27 13 2 18
4 28 19 18 27
3 29 30 31
4 32 33 31 29
3 34 29 30
4 29 32 35 34
3 30 34 16
4 16 17 35 34
3 16 30 36
3 19 36 16
3 37 21 22
3 22 23 38
4 32 38 22 37
3 37 21 26
4 35 26 37 32
3 26 17 35
8000000000000000071/8,0
8000000000000000071/8,1/4
8000000000000000073/8,0
1000000000000000009,3/8
1000000000000000009,0
8000000000000000071/8,1/8
1000000000000000009,1/8
1000000000000000009,1/8
1000000000000000009,0
8000000000000000073/8,1/4
8000000000000000071/8,1/4
8000000000000000071/8,0
8000000000000000071/8,1/8
1000000000000000009,1/8
8000000000000000071/8,0
1000000000000000009,0
8000000000000000071/8,1/4
1000000000000000009,1/8
8000000000000000071/8,0
8000000000000000073/8,0
8000000000000000071/8,1/4
1000000000000000009,1/8
8000000000000000071/8,0
1000000000000000009,1/8
8000000000000000073/8,0
1000000000000000009,0
8000000000000000071/8,0
8000000000000000071/8,1/8
8000000000000000073/8,1/8
8000000000000000071/8,1/4
8000000000000000073/8,0
8000000000000000071/8,0
1000000000000000009,3/8
1000000000000000009,0
8000000000000000071/8,0
1000000000000000009,0
8000000000000000071/8,0
8000000000000000071/8,1/4
1000000000000000009,0
