6
203188741098180357528413123466557961950495288086064442669188398099855614042568036349/244179312989306336881747576060353097852330989994228277199247236667683890613383593984,0
1,0
1,1
236985330106007187053674400400943860870230182973320962670484749601825897715557896189/244179312989306336881747576060353097852330989994228277199247236667683890613383593984,1
0,0
0,1
2
4 0 1 2 3
4 4 5 3 0
203188741098180357528413123466557961950495288086064442669188398099855614042568036349/244179312989306336881747576060353097852330989994228277199247236667683890613383593984,0
8036056415373744179503266355881888939784677072536429063141641356810985954725676784064862998702812332051355976830821290109444442499612169/11983930412203734726251467269881536127082160553948416384622174709406483558763307052738444562349732456557165616557951187291613631338926089,615215217170190204925868145085903139941231001798741112799785381703153821016312140943048439533197025221680444582945496605579561915403736505584519645175/13492706134708673560788222501494614513434068119513908390905196758512212496941081689146724617342454022868242812783054405810743243353224182239378890817536
11291065281313349331100624591913880897211024455474156110188115052333767359672070365969532039382903084847378057597508597742060844590333449/11983930412203734726251467269881536127082160553948416384622174709406483558763307052738444562349732456557165616557951187291613631338926089,13600678469264602659319619579042444480102105832553705021256572552422937860416844120304557745466247003946888516173311219508980779629549877865993418475511/13492706134708673560788222501494614513434068119513908390905196758512212496941081689146724617342454022868242812783054405810743243353224182239378890817536
236985330106007187053674400400943860870230182973320962670484749601825897715557896189/244179312989306336881747576060353097852330989994228277199247236667683890613383593984,1
0,0
0,1
