66
1/8,3/8
1/8,1/2
1/4,1/2
1/8,5/8
1/4,5/8
1/4,3/4
1/8,3/4
1/4,1
1/8,1
1/2,2013/2240
1631/2808,1
1/2,1
5/8,1
5/8,7/8
1/2,3/4
3/4,1
1177/2808,1
3/8,5/8
3/8,3/4
3/8,1
1/4,3/8
1/4,1/4
1/8,1/4
3/8,3/8
451/560,3/8
1468009/1572480,3/8
431/448,1/4
1,1/4
1,3/8
3/8,1/4
1/2,1/4
1/2,3/8
431/448,1/2
1,1/2
3/8,1/2
1/2,1/2
1221607/1572480,3/4
1453/2240,3/4
451/560,7/8
177901/196560,3/4
431/448,1
1,1
1,3/4
451/560,5/8
1/2,5/8
1/8,0
1/4,0
1/8,1/8
1/4,1/8
3/8,1/8
451/560,1/8
1468009/1572480,1/8
1,1/8
1/2,1/8
431/448,0
1,0
3/8,0
1/2,0
0,1/2
0,5/8
0,3/4
0,1
0,3/8
0,1/4
0,0
0,1/8
78
3 0 1 2
3 2 3 1
3 4 5 3
3 3 6 5
4 5 7 8 6
3 3 4 2
3 9 10 11
5 10 12 13 14 9
3 13 15 12
3 16 11 9
3 4 5 17
3 18 14 17
3 17 18 5
5 18 14 9 16 19
4 5 7 19 18
3 2 17 4
3 20 21 0
3 0 22 21
3 2 0 20
3 23 20 21
3 24 25 26
4 26 27 28 25
3 29 30 23
3 23 31 30
4 30 26 24 31
3 21 23 29
3 20 2 23
3 24 25 32
4 32 33 28 25
3 34 35 23
3 23 31 35
4 35 32 24 31
3 23 34 2
3 36 37 38
4 39 40 38 36
4 40 41 42 39
4 38 13 14 37
4 13 15 40 38
3 43 36 37
4 36 39 32 43
4 32 33 42 39
3 34 35 17
3 44 14 17
3 17 44 35
4 44 14 37 43
4 35 32 43 44
3 2 17 34
3 45 46 47
3 48 21 47
3 47 22 21
3 47 48 46
3 48 21 49
3 50 51 26
4 26 27 52 51
3 29 30 49
3 49 53 30
4 30 26 50 53
3 49 29 21
3 46 49 48
3 50 51 54
4 54 55 52 51
3 56 57 49
3 49 53 57
4 57 54 50 53
3 49 56 46
3 0 1 58
3 58 3 1
3 59 60 3
3 3 6 60
4 60 61 8 6
3 3 59 58
3 0 62 63
3 63 0 22
3 62 58 0
3 64 47 45
3 65 63 47
3 47 22 63
3 47 65 64
1/8,1/8
1/8,0
0,0
1/8,1/8
1/8,0
0,0
1/8,0
0,1/4
1/8,1/4
0,333/2240
227/2808,1/4
79677/806404,138041/806404
1/8,1/4
1/8,1/8
0,0
0,1/4
227/2808,1/4
1/8,1/8
1/8,0
1/8,1/4
1/8,0
0,0
1/8,0
1/8,1/8
1/8,171/560
0,524969/1572480
0,207/448
29835/806404,189701/403202
104471/1612808,140561/403202
1/8,0
0,0
1/8,0
0,207/448
29835/806404,189701/403202
1/8,0
0,0
1/8,278567/1572480
0,333/2240
1/8,171/560
0,40421/196560
0,207/448
29835/806404,189701/403202
18659/201601,91421/403202
1/8,171/560
1/8,0
1/8,0
0,0
1/8,1/8
1/8,0
1/8,1/8
1/8,171/560
0,524969/1572480
104471/1612808,140561/403202
1/8,0
0,207/448
29835/806404,189701/403202
1/8,0
0,0
0,0
1/8,0
0,0
0,1/4
1/8,0
0,0
0,0
1/8,0
