13
10753/15190,0
10753/32000,0
10753/16810,96777/672400
10753/23595,18075793/33976800
1,0
1,191223/607600
17953/32000,1
1,1
1741986/14128805,147004263/565152200
0,96777/607600
0,147004263/357792200
0,1
0,0
9
3 0 1 2
3 2 3 1
4 2 0 4 5
5 6 7 5 2 3
3 1 8 9
3 8 3 1
3 9 10 8
5 8 3 6 11 10
3 12 9 1
510823/607600,0
1,10753/32000
1,0
19384979/33976800,0
481177/672400,4437/16810
1,6057/15190
324/1681,15901007/53792000
256023/672400,11637/16810
1,0
510823/607600,0
1,1741986/8944805
354364263/565152200,9194814/14128805
1,0
