84
1/4,3/8
3/8,1/2
3/8,3/8
1/2,3/8
431/448,3/8
451/560,1/2
1/2,1/2
1,71343601/157246596
1,1/2
1468009/1572480,1/2
1,3/8
1,6778391961/17237037176
1/4,1/2
3/8,5/8
1/4,5/8
1/2,5/8
431/448,5/8
1,85902995/157246596
1,5/8
1,10458645215/17237037176
1/8,1/2
1/8,5/8
1/8,3/8
1/4,7/8
3/8,1
3/8,7/8
1/2,7/8
431/448,7/8
451/560,1
1/2,1
1,149966899/157246596
1,1
1468009/1572480,1
1,7/8
1,15396910549/17237037176
3/8,3/4
451/560,3/4
1/2,3/4
1,31303661/39311649
1,3/4
1468009/1572480,3/4
1,14767904509/17237037176
1/4,3/4
1,55327625/78623298
1,11087651255/17237037176
1/8,3/4
1/4,1
1/8,1
1/8,7/8
0,1/2
0,3/8
0,5/8
0,3/4
0,7/8
0,1
3/8,1/4
451/560,1/4
1/2,1/4
1,23295673/78623298
1,1/4
1468009/1572480,1/4
1,6149385921/17237037176
1/4,1/4
3/8,1/8
1/4,1/8
1/2,1/8
431/448,1/8
1,8007988/39311649
1,1/8
1,2469132667/17237037176
1/8,1/4
1/8,1/8
3/8,0
451/560,0
1/2,0
1,7279697/157246596
1,0
1468009/1572480,0
1,1840126627/17237037176
1/4,0
1/8,0
0,1/4
0,1/8
0,0
104
3 0 1 2
4 3 4 5 6
3 1 6 3
3 2 3 1
4 4 7 8 9
3 4 10 11
3 7 11 4
3 5 9 4
3 1 12 0
3 1 13 14
4 15 16 5 6
3 1 6 15
3 13 15 1
4 16 17 8 9
3 16 18 19
3 17 19 16
3 5 9 16
3 12 14 1
3 0 20 12
3 20 21 14
3 12 14 20
3 20 22 0
3 23 24 25
4 26 27 28 29
3 24 29 26
3 25 26 24
4 27 30 31 32
3 27 33 34
3 30 34 27
3 28 32 27
3 35 25 23
4 26 27 36 37
3 35 37 26
3 25 26 35
4 27 38 39 40
3 27 33 41
3 38 41 27
3 36 40 27
3 42 23 35
3 14 35 13
4 15 16 36 37
3 35 37 15
3 13 15 35
4 16 43 39 40
3 16 18 44
3 43 44 16
3 36 40 16
3 35 42 14
3 23 45 42
3 45 21 14
3 42 14 45
3 23 24 46
3 47 46 23
3 23 47 48
3 45 48 23
3 20 49 50
3 20 21 51
3 49 51 20
3 22 50 20
3 52 53 45
3 51 45 21
3 45 52 51
3 47 54 53
3 53 47 48
3 45 48 53
3 55 2 0
4 3 4 56 57
3 55 57 3
3 2 3 55
4 4 58 59 60
3 4 10 61
3 58 61 4
3 56 60 4
3 0 55 62
3 55 63 64
4 65 66 56 57
3 55 57 65
3 63 65 55
4 66 67 59 60
3 66 68 69
3 67 69 66
3 56 60 66
3 62 64 55
3 70 62 0
3 70 71 64
3 62 64 70
3 22 0 70
3 64 72 63
4 65 66 73 74
3 72 74 65
3 63 65 72
4 66 75 76 77
3 66 68 78
3 75 78 66
3 73 77 66
3 72 79 64
3 80 71 64
3 64 80 79
3 81 50 70
3 82 70 71
3 70 81 82
3 70 22 50
3 80 71 82
3 83 82 80
0,0
1/8,1/8
1/8,0
0,0
0,207/448
1/8,171/560
1/8,0
17136085/314493192,88199/223998
104471/1612808,140561/403202
0,524969/1572480
1336637835/81285926402,34778595601/81285926402
0,1809666847/4309259294
1/8,0
1/8,0
0,0
0,0
0,207/448
17136085/314493192,88199/223998
1336637835/81285926402,34778595601/81285926402
0,1809666847/4309259294
1/8,1/8
1/8,0
1/8,0
0,0
1/8,1/8
1/8,0
0,0
0,207/448
1/8,171/560
1/8,0
17136085/314493192,88199/223998
104471/1612808,140561/403202
0,524969/1572480
1336637835/81285926402,34778595601/81285926402
0,1809666847/4309259294
1/8,1/8
1/8,171/560
1/8,0
17136085/314493192,88199/223998
104471/1612808,140561/403202
0,524969/1572480
0,1809666847/4309259294
1/8,0
17136085/314493192,88199/223998
0,1809666847/4309259294
1/8,1/8
1/8,0
1/8,1/8
1/8,0
1/8,0
0,0
0,0
1/8,0
0,0
1/8,0
1/8,1/8
1/8,171/560
1/8,0
17136085/314493192,88199/223998
104471/1612808,140561/403202
0,524969/1572480
0,1809666847/4309259294
1/8,0
1/8,0
0,0
0,0
0,207/448
17136085/314493192,88199/223998
1336637835/81285926402,34778595601/81285926402
0,1809666847/4309259294
1/8,1/8
1/8,0
1/8,1/8
1/8,171/560
1/8,0
17136085/314493192,88199/223998
104471/1612808,140561/403202
0,524969/1572480
0,1809666847/4309259294
1/8,0
1/8,1/8
1/8,0
0,0
1/8,0
