23
1,1/4
3/4,1/2
3/4,1/4
1/2,1/4
1/2,3/4
1,3/4
3/4,1
3/4,3/4
1,1
1,1/2
1/2,1
1/4,1/4
0,1/4
1/4,1/2
1/4,3/4
1/4,1
0,1
0,3/4
3/4,0
1/2,0
1,0
1/4,0
0,0
23
3 0 1 2
3 3 4 1
3 1 3 2
3 5 6 7
3 6 8 5
3 1 7 5
3 0 9 1
3 9 5 1
4 6 10 4 7
3 7 1 4
3 11 12 13
3 13 3 4
3 13 11 3
4 14 15 16 17
4 13 12 17 14
4 4 14 15 10
3 14 13 4
3 2 0 18
4 19 18 2 3
3 0 20 18
3 12 11 21
4 11 3 19 21
3 21 12 22
1/2,1/4
1/4,0
1/4,1/4
0,1/4
1/2,1/4
1/2,-1/4
1/4,0
1/2,0
1/2,0
1/2,0
1/4,1/4
0,0
0,1/4
1/4,0
1/2,0
1/4,0
1/4,1/4
1/2,1/4
1/4,0
1/2,0
1/2,0
1/4,0
1/4,1/4
