9
21753/41000,73939167888685389/384503292430708880
1,188774268506778907413/394115874741476602000
1,0
213776263424618838418020369363/236184582397491205249842511000,0
177882791123/824764856000,0
1,1
21753/41000,1
0,0
0,1
4
4 0 1 2 3
3 4 3 0
4 0 1 5 6
5 7 8 6 0 4
21753/41000,73939167888685389/384503292430708880
1253/20500,188774268506778907413/394115874741476602000
125980949593842866597795398669/258566150521373651935915287500,360824957174128414498212383559/517132301042747303871830575000
21753/41000,141328038497829203127806127/230423982826820688048626840
177882791123/824764856000,0
1253/20500,1
21753/41000,1
0,0
0,1
