12
40797/55300,1
5104253666308303/6589674405087172,1
31215526928533163/40264149981005132,39808981301147111/40264149981005132
32649/55300,0
5503498361677543/6589674405087172,0
1,1
1,49202843/53423216
1,0
1008215239/1443307346,1
238152872/721653673,0
0,0
0,1
6
3 0 1 2
4 3 4 2 0
4 2 1 5 6
4 4 7 6 2
4 8 0 3 9
4 10 11 8 9
14503/55300,0
25488876083297747/85665767266133236,455168679858021/42832883633066618
435092107/1443307346,0
22651/55300,1
55166385509624327/85665767266133236,39808981301147111/42832883633066618
28643425/55794284,4220373/55794284
28643425/53423216,0
44735725/55794284,49202843/55794284
435092107/1443307346,0
483500801/721653673,1
1,1
1,0
