12
1/4,1/2
1/4,1
3/4,1
1/4,1/4
1,1/4
1,1
1/4,0
1,0
0,1/4
0,1/2
0,1
0,0
8
3 0 1 2
5 3 4 5 2 0
4 3 6 7 4
3 8 9 0
4 9 10 1 0
3 3 0 8
3 11 8 6
3 6 3 8
5/4,493827156049382715604938271560493827156049382715604938271561/4
5/4,493827156049382715604938271560493827156049382715604938271563/4
7/4,493827156049382715604938271560493827156049382715604938271563/4
1,493827156049382715604938271560493827156049382715604938271561/4
1,123456789012345678901234567890123456789012345678901234567891
7/4,123456789012345678901234567890123456789012345678901234567891
3/4,493827156049382715604938271560493827156049382715604938271561/4
3/4,123456789012345678901234567890123456789012345678901234567891
1,123456789012345678901234567890123456789012345678901234567890
1,493827156049382715604938271560493827156049382715604938271561/4
1,493827156049382715604938271560493827156049382715604938271563/4
1,493827156049382715604938271560493827156049382715604938271561/4
