45
5/16,1/16
3/8,1/8
5/8,1/8
5/8,0
3/8,0
5/8,3/8
7/8,3/8
1,3/8
1,1/4
7/8,1/8
1,1/2
7/8,5/8
1,5/8
1,3/4
3/4,0
1,1/8
1,0
7/8,0
1/8,3/8
1/16,5/16
3/8,3/8
5/8,7/8
3/8,5/8
5/8,5/8
3/4,1
7/8,1
7/8,7/8
1,7/8
1,1
1/8,7/8
0,3/4
0,7/8
0,1
1/8,1
1/4,1
0,3/8
0,5/8
1/8,5/8
3/8,7/8
1/2,1
3/8,1
5/8,1
1/4,0
0,0
0,1/4
43
5 0 1 2 3 4
3 2 5 1
4 6 7 8 9
3 9 6 5
4 7 10 11 6
3 6 5 11
3 11 12 10
3 12 13 11
4 3 14 9 2
3 2 5 9
3 9 15 8
3 15 16 9
3 17 14 9
3 9 17 16
5 18 19 0 1 20
3 20 5 1
3 21 22 23
3 23 5 22
3 11 23 21
3 23 5 11
4 21 24 25 26
4 26 27 28 25
3 26 21 11
4 11 26 27 13
3 20 18 22
3 22 20 5
3 29 30 31
3 29 32 33
3 34 33 29
3 32 31 29
5 19 35 36 37 18
4 37 29 30 36
3 38 21 22
3 22 38 29
4 21 39 40 38
4 38 29 34 40
3 21 24 41
3 39 41 21
3 18 22 37
3 37 29 22
3 42 4 0
5 43 44 19 0 42
3 19 35 44
5/16,1/16
1/4,0
0,0
0,1/8
1/4,1/8
0,1/4
0,0
0,1/8
1/8,1/8
1/4,0
1/8,1/8
1/4,0
1/8,0
1/8,1/8
1/8,1/8
1/8,0
1/8,1/8
1/8,0
0,1/4
1/16,5/16
0,0
0,1/4
1/4,0
0,0
1/8,1/8
1/8,0
0,0
0,1/8
1/8,1/8
0,1/4
1/8,1/8
0,1/8
1/8,1/8
0,1/8
1/8,1/8
1/8,1/4
1/8,0
0,0
0,0
1/8,1/8
1/8,0
0,1/8
1/4,0
0,0
0,1/4
