280
1/8,5/16
1/16,5/16
1/16,1/4
3/16,1/4
3/16,5/16
1/4,5/16
5/16,5/16
5/16,1/4
1/4,1/4
3/8,5/16
7/16,5/16
7/16,1/4
3/8,1/4
1/2,5/16
9/16,5/16
9/16,1/4
1/2,1/4
5/8,5/16
11/16,5/16
11/16,1/4
5/8,1/4
3/4,5/16
13/16,5/16
13/16,1/4
3/4,1/4
7/8,5/16
15/16,5/16
15/16,1/4
7/8,1/4
1,5/16
1,1/4
1/16,3/16
1/8,3/16
3/16,3/16
1/4,3/16
5/16,3/16
3/8,3/16
7/16,3/16
1/2,3/16
9/16,3/16
5/8,3/16
11/16,3/16
3/4,3/16
13/16,3/16
7/8,3/16
15/16,3/16
1,3/16
1/16,3/8
3/16,3/8
5/16,3/8
1/4,3/8
7/16,3/8
3/8,3/8
9/16,3/8
1/2,3/8
11/16,3/8
5/8,3/8
13/16,3/8
3/4,3/8
15/16,3/8
7/8,3/8
1,3/8
1/16,7/16
1/16,1/2
3/16,1/2
1/8,7/16
3/16,7/16
1/4,7/16
5/16,7/16
5/16,1/2
1/4,1/2
3/8,7/16
7/16,7/16
7/16,1/2
3/8,1/2
1/2,7/16
9/16,7/16
9/16,1/2
1/2,1/2
5/8,7/16
11/16,7/16
11/16,1/2
5/8,1/2
3/4,7/16
13/16,7/16
13/16,1/2
3/4,1/2
7/8,7/16
15/16,7/16
15/16,1/2
7/8,1/2
1,7/16
1,1/2
1/16,9/16
1/16,5/8
3/16,5/8
1/8,9/16
3/16,9/16
1/4,9/16
5/16,9/16
5/16,5/8
1/4,5/8
3/8,9/16
7/16,9/16
7/16,5/8
3/8,5/8
1/2,9/16
9/16,9/16
9/16,5/8
1/2,5/8
5/8,9/16
11/16,9/16
11/16,5/8
5/8,5/8
3/4,9/16
13/16,9/16
13/16,5/8
3/4,5/8
7/8,9/16
15/16,9/16
15/16,5/8
7/8,5/8
1,9/16
1,5/8
1/16,11/16
1/16,3/4
3/16,3/4
1/8,11/16
3/16,11/16
1/4,11/16
5/16,11/16
5/16,3/4
1/4,3/4
3/8,11/16
7/16,11/16
7/16,3/4
3/8,3/4
1/2,11/16
9/16,11/16
9/16,3/4
1/2,3/4
5/8,11/16
11/16,11/16
11/16,3/4
5/8,3/4
3/4,11/16
13/16,11/16
13/16,3/4
3/4,3/4
7/8,11/16
15/16,11/16
15/16,3/4
7/8,3/4
1,11/16
1,3/4
1/16,13/16
1/16,7/8
3/16,7/8
1/8,13/16
3/16,13/16
1/4,13/16
5/16,13/16
5/16,7/8
1/4,7/8
3/8,13/16
7/16,13/16
7/16,7/8
3/8,7/8
1/2,13/16
9/16,13/16
9/16,7/8
1/2,7/8
5/8,13/16
11/16,13/16
11/16,7/8
5/8,7/8
3/4,13/16
13/16,13/16
13/16,7/8
3/4,7/8
7/8,13/16
15/16,13/16
15/16,7/8
7/8,7/8
1,13/16
1,7/8
1/16,15/16
1/16,1
3/16,1
1/8,15/16
3/16,15/16
1/4,15/16
5/16,15/16
5/16,1
1/4,1
3/8,15/16
7/16,15/16
7/16,1
3/8,1
1/2,15/16
9/16,15/16
9/16,1
1/2,1
5/8,15/16
11/16,15/16
11/16,1
5/8,1
3/4,15/16
13/16,15/16
13/16,1
3/4,1
7/8,15/16
15/16,15/16
15/16,1
7/8,1
1,15/16
1,1
1/16,1/16
1/16,1/8
3/16,1/8
1/8,1/16
3/16,1/16
1/4,1/16
5/16,1/16
5/16,1/8
1/4,1/8
3/8,1/16
7/16,1/16
7/16,1/8
3/8,1/8
1/2,1/16
9/16,1/16
9/16,1/8
1/2,1/8
5/8,1/16
11/16,1/16
11/16,1/8
5/8,1/8
3/4,1/16
13/16,1/16
13/16,1/8
3/4,1/8
7/8,1/16
15/16,1/16
15/16,1/8
7/8,1/8
1,1/16
1,1/8
1/16,0
3/16,0
5/16,0
1/4,0
7/16,0
3/8,0
9/16,0
1/2,0
11/16,0
5/8,0
13/16,0
3/4,0
15/16,0
7/8,0
1,0
0,1/4
0,5/16
0,3/16
0,3/8
0,1/2
0,7/16
0,5/8
0,9/16
0,3/4
0,11/16
0,7/8
0,13/16
0,1
0,15/16
0,1/8
0,1/16
0,0
464
4 0 1 2 3
3 3 0 4
3 5 6 7
3 7 5 8
3 9 10 11
3 12 11 9
3 13 14 15
3 16 15 13
3 17 18 19
3 20 19 17
3 21 22 23
3 24 23 21
3 25 26 27
3 28 27 25
3 27 29 26
3 29 30 27
3 23 25 22
3 25 28 23
3 19 21 18
3 21 24 19
3 15 17 14
3 17 20 15
3 11 13 10
3 13 16 11
3 7 9 6
3 9 12 7
3 5 4 3
3 8 3 5
4 31 2 3 32
3 32 33 3
3 34 35 7
3 8 7 34
3 36 37 11
3 12 11 36
3 38 39 15
3 16 15 38
3 40 41 19
3 20 19 40
3 42 43 23
3 24 23 42
3 44 45 27
3 28 27 44
3 27 46 45
3 46 30 27
3 23 44 43
3 44 28 23
3 19 42 41
3 42 24 19
3 15 40 39
3 40 20 15
3 11 38 37
3 38 16 11
3 7 36 35
3 36 12 7
3 3 34 33
3 34 8 3
4 1 47 48 0
3 0 4 48
3 5 6 49
3 50 49 5
3 9 10 51
3 52 51 9
3 13 14 53
3 54 53 13
3 17 18 55
3 56 55 17
3 21 22 57
3 58 57 21
3 25 26 59
3 60 59 25
3 59 29 26
3 29 61 59
3 57 25 22
3 25 60 57
3 55 21 18
3 21 58 55
3 53 17 14
3 17 56 53
3 51 13 10
3 13 54 51
3 49 9 6
3 9 52 49
3 48 5 4
3 5 50 48
4 62 63 64 65
3 65 66 64
3 67 68 69
3 70 69 67
3 71 72 73
3 74 73 71
3 75 76 77
3 78 77 75
3 79 80 81
3 82 81 79
3 83 84 85
3 86 85 83
3 87 88 89
3 90 89 87
3 89 91 88
3 91 92 89
3 85 87 84
3 87 90 85
3 81 83 80
3 83 86 81
3 77 79 76
3 79 82 77
3 73 75 72
3 75 78 73
3 69 71 68
3 71 74 69
3 64 67 66
3 67 70 64
4 93 94 95 96
3 96 97 95
3 98 99 100
3 101 100 98
3 102 103 104
3 105 104 102
3 106 107 108
3 109 108 106
3 110 111 112
3 113 112 110
3 114 115 116
3 117 116 114
3 118 119 120
3 121 120 118
3 120 122 119
3 122 123 120
3 116 118 115
3 118 121 116
3 112 114 111
3 114 117 112
3 108 110 107
3 110 113 108
3 104 106 103
3 106 109 104
3 100 102 99
3 102 105 100
3 95 98 97
3 98 101 95
4 124 125 126 127
3 127 128 126
3 129 130 131
3 132 131 129
3 133 134 135
3 136 135 133
3 137 138 139
3 140 139 137
3 141 142 143
3 144 143 141
3 145 146 147
3 148 147 145
3 149 150 151
3 152 151 149
3 151 153 150
3 153 154 151
3 147 149 146
3 149 152 147
3 143 145 142
3 145 148 143
3 139 141 138
3 141 144 139
3 135 137 134
3 137 140 135
3 131 133 130
3 133 136 131
3 126 129 128
3 129 132 126
4 155 156 157 158
3 158 159 157
3 160 161 162
3 163 162 160
3 164 165 166
3 167 166 164
3 168 169 170
3 171 170 168
3 172 173 174
3 175 174 172
3 176 177 178
3 179 178 176
3 180 181 182
3 183 182 180
3 182 184 181
3 184 185 182
3 178 180 177
3 180 183 178
3 174 176 173
3 176 179 174
3 170 172 169
3 172 175 170
3 166 168 165
3 168 171 166
3 162 164 161
3 164 167 162
3 157 160 159
3 160 163 157
4 186 187 188 189
3 189 190 188
3 191 192 193
3 194 193 191
3 195 196 197
3 198 197 195
3 199 200 201
3 202 201 199
3 203 204 205
3 206 205 203
3 207 208 209
3 210 209 207
3 211 212 213
3 214 213 211
3 213 215 212
3 215 216 213
3 209 211 208
3 211 214 209
3 205 207 204
3 207 210 205
3 201 203 200
3 203 206 201
3 197 199 196
3 199 202 197
3 193 195 192
3 195 198 193
3 188 191 190
3 191 194 188
4 189 186 156 157
3 157 189 190
3 191 192 162
3 162 191 163
3 195 196 166
3 167 166 195
3 199 200 170
3 171 170 199
3 203 204 174
3 175 174 203
3 207 208 178
3 179 178 207
3 211 212 182
3 183 182 211
3 182 215 212
3 215 185 182
3 178 211 208
3 211 183 178
3 174 207 204
3 207 179 174
3 170 203 200
3 203 175 170
3 166 199 196
3 199 171 166
3 162 195 192
3 195 167 162
3 191 190 157
3 163 157 191
4 158 155 125 126
3 126 158 159
3 160 161 131
3 131 160 132
3 164 165 135
3 136 135 164
3 168 169 139
3 140 139 168
3 172 173 143
3 144 143 172
3 176 177 147
3 148 147 176
3 180 181 151
3 152 151 180
3 151 184 181
3 184 154 151
3 147 180 177
3 180 152 147
3 143 176 173
3 176 148 143
3 139 172 169
3 172 144 139
3 135 168 165
3 168 140 135
3 131 164 161
3 164 136 131
3 160 159 126
3 132 126 160
4 127 124 94 95
3 95 127 128
3 129 130 100
3 100 129 101
3 133 134 104
3 105 104 133
3 137 138 108
3 109 108 137
3 141 142 112
3 113 112 141
3 145 146 116
3 117 116 145
3 149 150 120
3 121 120 149
3 120 153 150
3 153 123 120
3 116 149 146
3 149 121 116
3 112 145 142
3 145 117 112
3 108 141 138
3 141 113 108
3 104 137 134
3 137 109 104
3 100 133 130
3 133 105 100
3 129 128 95
3 101 95 129
4 96 93 63 64
3 64 96 97
3 98 99 69
3 69 98 70
3 102 103 73
3 74 73 102
3 106 107 77
3 78 77 106
3 110 111 81
3 82 81 110
3 114 115 85
3 86 85 114
3 118 119 89
3 90 89 118
3 89 122 119
3 122 92 89
3 85 118 115
3 118 90 85
3 81 114 111
3 114 86 81
3 77 110 107
3 110 82 77
3 73 106 103
3 106 78 73
3 69 102 99
3 102 74 69
3 98 97 64
3 70 64 98
4 65 62 47 48
3 48 65 66
3 67 68 49
3 49 67 50
3 71 72 51
3 52 51 71
3 75 76 53
3 54 53 75
3 79 80 55
3 56 55 79
3 83 84 57
3 58 57 83
3 87 88 59
3 60 59 87
3 59 91 88
3 91 61 59
3 57 87 84
3 87 60 57
3 55 83 80
3 83 58 55
3 53 79 76
3 79 56 53
3 51 75 72
3 75 54 51
3 49 71 68
3 71 52 49
3 67 66 48
3 50 48 67
4 217 218 219 220
3 220 221 219
3 222 223 224
3 225 224 222
3 226 227 228
3 229 228 226
3 230 231 232
3 233 232 230
3 234 235 236
3 237 236 234
3 238 239 240
3 241 240 238
3 242 243 244
3 245 244 242
3 244 246 243
3 246 247 244
3 240 242 239
3 242 245 240
3 236 238 235
3 238 241 236
3 232 234 231
3 234 237 232
3 228 230 227
3 230 233 228
3 224 226 223
3 226 229 224
3 219 222 221
3 222 225 219
4 32 31 218 219
3 219 32 33
3 34 35 224
3 224 34 225
3 36 37 228
3 229 228 36
3 38 39 232
3 233 232 38
3 40 41 236
3 237 236 40
3 42 43 240
3 241 240 42
3 44 45 244
3 245 244 44
3 244 46 45
3 46 247 244
3 240 44 43
3 44 245 240
3 236 42 41
3 42 241 236
3 232 40 39
3 40 237 232
3 228 38 37
3 38 233 228
3 224 36 35
3 36 229 224
3 34 33 219
3 225 219 34
4 248 249 220 217
3 220 221 249
3 222 223 250
3 251 250 222
3 226 227 252
3 253 252 226
3 230 231 254
3 255 254 230
3 234 235 256
3 257 256 234
3 238 239 258
3 259 258 238
3 242 243 260
3 261 260 242
3 260 246 243
3 246 262 260
3 258 242 239
3 242 261 258
3 256 238 235
3 238 259 256
3 254 234 231
3 234 257 254
3 252 230 227
3 230 255 252
3 250 226 223
3 226 253 250
3 249 222 221
3 222 251 249
4 263 264 1 2
4 31 2 263 265
4 1 47 266 264
4 62 63 267 268
4 93 94 269 270
4 124 125 271 272
4 155 156 273 274
4 186 187 275 276
4 273 276 186 156
4 271 274 155 125
4 269 272 124 94
4 267 270 93 63
4 266 268 62 47
4 217 218 277 278
4 277 265 31 218
4 279 278 217 248
0,1/16
1/16,1/16
1/16,0
-1/16,0
0,0
0,1/16
0,0
-1/16,0
0,0
0,1/16
0,0
-1/16,0
0,0
0,1/16
0,0
-1/16,0
0,0
0,1/16
0,0
-1/16,0
0,0
0,1/16
0,0
-1/16,0
0,0
0,1/16
0,0
-1/16,0
0,0
0,1/16
0,0
1/16,1/16
0,1/16
0,0
0,1/16
0,0
0,1/16
0,0
0,1/16
0,0
0,1/16
0,0
0,1/16
0,0
0,1/16
0,0
0,1/16
1/16,0
-1/16,0
-1/16,0
0,0
-1/16,0
0,0
-1/16,0
0,0
-1/16,0
0,0
-1/16,0
0,0
-1/16,0
0,0
0,0
1/16,1/16
1/16,0
-1/16,0
0,1/16
0,0
0,1/16
0,0
-1/16,0
0,0
0,1/16
0,0
-1/16,0
0,0
0,1/16
0,0
-1/16,0
0,0
0,1/16
0,0
-1/16,0
0,0
0,1/16
0,0
-1/16,0
0,0
0,1/16
0,0
-1/16,0
0,0
0,1/16
0,0
1/16,1/16
1/16,0
-1/16,0
0,1/16
0,0
0,1/16
0,0
-1/16,0
0,0
0,1/16
0,0
-1/16,0
0,0
0,1/16
0,0
-1/16,0
0,0
0,1/16
0,0
-1/16,0
0,0
0,1/16
0,0
-1/16,0
0,0
0,1/16
0,0
-1/16,0
0,0
0,1/16
0,0
1/16,1/16
1/16,0
-1/16,0
0,1/16
0,0
0,1/16
0,0
-1/16,0
0,0
0,1/16
0,0
-1/16,0
0,0
0,1/16
0,0
-1/16,0
0,0
0,1/16
0,0
-1/16,0
0,0
0,1/16
0,0
-1/16,0
0,0
0,1/16
0,0
-1/16,0
0,0
0,1/16
0,0
1/16,1/16
1/16,0
-1/16,0
0,1/16
0,0
0,1/16
0,0
-1/16,0
0,0
0,1/16
0,0
-1/16,0
0,0
0,1/16
0,0
-1/16,0
0,0
0,1/16
0,0
-1/16,0
0,0
0,1/16
0,0
-1/16,0
0,0
0,1/16
0,0
-1/16,0
0,0
0,1/16
0,0
1/16,1/16
1/16,0
-1/16,0
0,1/16
0,0
0,1/16
0,0
-1/16,0
0,0
0,1/16
0,0
-1/16,0
0,0
0,1/16
0,0
-1/16,0
0,0
0,1/16
0,0
-1/16,0
0,0
0,1/16
0,0
-1/16,0
0,0
0,1/16
0,0
-1/16,0
0,0
0,1/16
0,0
1/16,1/16
1/16,0
-1/16,0
0,1/16
0,0
0,1/16
0,0
-1/16,0
0,0
0,1/16
0,0
-1/16,0
0,0
0,1/16
0,0
-1/16,0
0,0
0,1/16
0,0
-1/16,0
0,0
0,1/16
0,0
-1/16,0
0,0
0,1/16
0,0
-1/16,0
0,0
0,1/16
0,0
1/16,0
-1/16,0
-1/16,0
0,0
-1/16,0
0,0
-1/16,0
0,0
-1/16,0
0,0
-1/16,0
0,0
-1/16,0
0,0
0,0
0,0
0,1/16
0,1/16
0,0
0,0
0,1/16
0,0
0,1/16
0,0
0,1/16
0,0
0,1/16
0,0
0,1/16
0,0
0,1/16
0,0
