36
1/2,0
1/2,1/8
3/8,1/8
1,0
1,1/8
1/4,1/4
3/8,1/4
3/8,3/8
3/8,1/2
0,1/2
1/2,1/4
1/2,1/2
1/8,7/8
1/4,3/4
1/4,7/8
0,7/8
3/8,7/8
1/2,1
3/8,1
1/4,1
0,1
3/8,5/8
3/8,3/4
1/2,7/8
1/2,3/4
1,1/4
1,1/2
1,1
1,7/8
1,3/4
3/8,0
1/8,1/8
1/4,1/8
0,1/8
1/4,0
0,0
38
3 0 1 2
4 0 3 4 1
3 5 6 7
4 8 7 5 9
3 6 2 5
3 7 10 6
4 10 11 8 7
3 6 2 10
3 10 1 2
3 12 13 14
4 13 9 15 12
3 14 16 13
3 17 18 16
3 14 12 19
4 19 20 15 12
3 19 14 16
3 16 19 18
3 21 13 22
4 13 9 8 21
3 22 16 13
3 16 17 23
3 22 21 24
4 24 11 8 21
3 24 22 16
3 23 16 24
4 25 26 11 10
4 1 10 25 4
4 23 17 27 28
4 11 24 29 26
4 29 28 23 24
3 2 0 30
3 31 5 32
4 5 9 33 31
3 32 2 5
3 32 31 34
4 34 35 33 31
3 34 32 2
3 30 2 34
0,-1/8
0,0
1/8,0
-1/2,-1/8
-1/2,0
0,-1/8
0,0
1/8,0
1/8,1/8
-1/4,1/8
0,-1/8
0,1/8
1/8,0
0,-1/8
0,0
1/8,1/8
1/8,0
0,-1/8
0,0
0,-1/8
0,1/8
1/8,0
0,0
0,0
0,-1/8
-1/2,-1/8
-1/2,1/8
-1/2,-1/8
-1/2,0
-1/2,-1/8
0,0
1/8,0
0,0
1/8,1/8
0,-1/8
0,1/8
